timestamp,node,frame_index,payload
2025-09-07 23:47:22.632,N8,0,N8000-5RHU
2025-09-07 23:47:22.638,N8,1,N8001-G3B2
2025-09-07 23:47:22.644,N8,2,N8002-XTZA
2025-09-07 23:47:22.650,N8,3,N8003-VLMS
2025-09-07 23:47:22.656,N8,4,N8004-1O9B
2025-09-07 23:47:22.661,N8,5,N8005-OLSE
2025-09-07 23:47:22.667,N8,6,N8006-YBB5
2025-09-07 23:47:22.675,N8,7,N8007-KRHP
2025-09-07 23:47:22.681,N8,8,N8008-8FJ8
2025-09-07 23:47:22.687,N8,9,N8009-6GOX
2025-09-07 23:47:22.692,N8,10,N8010-3NPN
2025-09-07 23:47:22.698,N8,11,N8011-AJBX
2025-09-07 23:47:22.704,N8,12,N8012-36VF
2025-09-07 23:47:22.712,N8,13,N8013-UZVL
2025-09-07 23:47:22.718,N8,14,N8014-L8O7
2025-09-07 23:47:22.724,N8,15,N8015-UYN8
2025-09-07 23:47:22.731,N8,16,N8016-BEU3
2025-09-07 23:47:22.736,N8,17,N8017-OTM0
2025-09-07 23:47:22.744,N8,18,N8018-8QXH
2025-09-07 23:47:22.750,N8,19,N8019-16SM
2025-09-07 23:47:22.756,N8,20,N8020-Q7FY
2025-09-07 23:47:22.762,N8,21,N8021-FJ79
2025-09-07 23:47:22.768,N8,22,N8022-LG98
2025-09-07 23:47:22.774,N8,23,N8023-1CGD
2025-09-07 23:47:22.780,N8,24,N8024-S1XV
2025-09-07 23:47:22.790,N8,25,N8025-YDN0
2025-09-07 23:47:22.796,N8,26,N8026-OXDP
2025-09-07 23:47:22.803,N8,27,N8027-WO25
2025-09-07 23:47:22.809,N8,28,N8028-4Z5S
2025-09-07 23:47:22.815,N8,29,N8029-TIQP
2025-09-07 23:47:22.821,N8,30,N8030-UXWF
2025-09-07 23:47:22.827,N8,31,N8031-4EOO
2025-09-07 23:47:22.833,N8,32,N8032-M9XN
2025-09-07 23:47:22.840,N8,33,N8033-IO7M
2025-09-07 23:47:22.846,N8,34,N8034-M6BR
2025-09-07 23:47:22.852,N8,35,N8035-YFZI
2025-09-07 23:47:22.858,N8,36,N8036-3QKI
2025-09-07 23:47:22.864,N8,37,N8037-TKK2
2025-09-07 23:47:22.871,N8,38,N8038-VL9Y
2025-09-07 23:47:22.877,N8,39,N8039-PRFS
2025-09-07 23:47:22.884,N8,40,N8040-T3T9
2025-09-07 23:47:22.890,N8,41,N8041-1ZD8
2025-09-07 23:47:22.896,N8,42,N8042-4T1R
2025-09-07 23:47:22.902,N8,43,N8043-I7UI
2025-09-07 23:47:22.908,N8,44,N8044-OCAV
2025-09-07 23:47:22.915,N8,45,N8045-2MUP
2025-09-07 23:47:22.922,N8,46,N8046-ISUQ
2025-09-07 23:47:22.927,N8,47,N8047-JSEM
2025-09-07 23:47:22.933,N8,48,N8048-FPVQ
2025-09-07 23:47:22.939,N8,49,N8049-MDM5
2025-09-07 23:47:22.945,N8,50,N8050-AMPH
2025-09-07 23:47:22.952,N8,51,N8051-SWM0
2025-09-07 23:47:22.958,N8,52,N8052-BWMY
2025-09-07 23:47:22.964,N8,53,N8053-YTBX
2025-09-07 23:47:22.970,N8,54,N8054-3FH6
2025-09-07 23:47:22.976,N8,55,N8055-K7SB
2025-09-07 23:47:22.981,N8,56,N8056-6MEA
2025-09-07 23:47:22.987,N8,57,N8057-OOS4
2025-09-07 23:47:22.993,N8,58,N8058-IG2O
2025-09-07 23:47:22.001,N8,59,N8059-GYUY
2025-09-07 23:47:22.006,N8,60,N8060-Q26X
2025-09-07 23:47:23.012,N8,61,N8061-WIU9
2025-09-07 23:47:23.018,N8,62,N8062-TVIE
2025-09-07 23:47:23.024,N8,63,N8063-Z3H1
2025-09-07 23:47:23.031,N8,64,N8064-MRUD
2025-09-07 23:47:23.037,N8,65,N8065-Q0Z1
2025-09-07 23:47:23.044,N8,66,N8066-WYPO
2025-09-07 23:47:23.050,N8,67,N8067-MHOK
2025-09-07 23:47:23.056,N8,68,N8068-563I
2025-09-07 23:47:23.062,N8,69,N8069-1VB6
2025-09-07 23:47:23.068,N8,70,N8070-759G
2025-09-07 23:47:23.074,N8,71,N8071-JNP8
2025-09-07 23:47:23.082,N8,72,N8072-1EGM
2025-09-07 23:47:23.087,N8,73,N8073-UJEQ
2025-09-07 23:47:23.093,N8,74,N8074-WULW
2025-09-07 23:47:23.099,N8,75,N8075-DAG0
2025-09-07 23:47:23.105,N8,76,N8076-YAT3
2025-09-07 23:47:23.112,N8,77,N8077-43DR
2025-09-07 23:47:23.118,N8,78,N8078-RDNF
2025-09-07 23:47:23.124,N8,79,N8079-RB1W
2025-09-07 23:47:23.130,N8,80,N8080-Q3QR
2025-09-07 23:47:23.135,N8,81,N8081-CPE1
2025-09-07 23:47:23.141,N8,82,N8082-EXEY
2025-09-07 23:47:23.147,N8,83,N8083-D8AF
2025-09-07 23:47:23.156,N8,84,N8084-BAX1
2025-09-07 23:47:23.162,N8,85,N8085-HOPU
2025-09-07 23:47:23.168,N8,86,N8086-1WNV
2025-09-07 23:47:23.176,N8,87,N8087-SEOH
2025-09-07 23:47:23.182,N8,88,N8088-08HM
2025-09-07 23:47:23.188,N8,89,N8089-F1E0
2025-09-07 23:47:23.194,N8,90,N8090-G4LD
2025-09-07 23:47:23.199,N8,91,N8091-OMER
2025-09-07 23:47:23.207,N8,92,N8092-XVPM
2025-09-07 23:47:23.213,N8,93,N8093-OW5C
2025-09-07 23:47:23.222,N8,94,N8094-42ZG
2025-09-07 23:47:23.228,N8,95,N8095-81OY
2025-09-07 23:47:23.235,N8,96,N8096-PMGB
2025-09-07 23:47:23.241,N8,97,N8097-J31B
2025-09-07 23:47:23.247,N8,98,N8098-NO7A
2025-09-07 23:47:23.253,N8,99,N8099-JKB6
