timestamp,node,frame_index,payload
2025-09-09 16:49:25.944,N5,0,N5000-0IDC
2025-09-09 16:49:25.950,N5,1,N5001-XDMA
2025-09-09 16:49:25.956,N5,2,N5002-2BSM
2025-09-09 16:49:25.962,N5,3,N5003-F7JZ
2025-09-09 16:49:25.968,N5,4,N5004-F9QT
2025-09-09 16:49:25.974,N5,5,N5005-7LV8
2025-09-09 16:49:25.980,N5,6,N5006-081Z
2025-09-09 16:49:25.986,N5,7,N5007-J0W1
2025-09-09 16:49:25.992,N5,8,N5008-G0F4
2025-09-09 16:49:25.998,N5,9,N5009-NUL1
2025-09-09 16:49:25.004,N5,10,N5010-MT2H
2025-09-09 16:49:25.010,N5,11,N5011-ZKGL
2025-09-09 16:49:25.016,N5,12,N5012-U98S
2025-09-09 16:49:26.022,N5,13,N5013-F5QM
2025-09-09 16:49:26.028,N5,14,N5014-UWE0
2025-09-09 16:49:26.034,N5,15,N5015-5E6H
2025-09-09 16:49:26.040,N5,16,N5016-HOVD
2025-09-09 16:49:26.046,N5,17,N5017-RMQQ
2025-09-09 16:49:26.052,N5,18,N5018-5UW4
2025-09-09 16:49:26.058,N5,19,N5019-NWXX
2025-09-09 16:49:26.064,N5,20,N5020-9YWQ
2025-09-09 16:49:26.070,N5,21,N5021-T4ZU
2025-09-09 16:49:26.076,N5,22,N5022-BN13
2025-09-09 16:49:26.082,N5,23,N5023-P85Y
2025-09-09 16:49:26.088,N5,24,N5024-WNJG
2025-09-09 16:49:26.094,N5,25,N5025-L08I
2025-09-09 16:49:26.100,N5,26,N5026-06YP
2025-09-09 16:49:26.106,N5,27,N5027-HVD1
2025-09-09 16:49:26.112,N5,28,N5028-23LL
2025-09-09 16:49:26.118,N5,29,N5029-QH30
2025-09-09 16:49:26.124,N5,30,N5030-23Q6
2025-09-09 16:49:26.130,N5,31,N5031-R8BX
2025-09-09 16:49:26.137,N5,32,N5032-NQFV
2025-09-09 16:49:26.143,N5,33,N5033-YH50
2025-09-09 16:49:26.149,N5,34,N5034-61DZ
2025-09-09 16:49:26.155,N5,35,N5035-LI6W
2025-09-09 16:49:26.161,N5,36,N5036-GXMQ
2025-09-09 16:49:26.167,N5,37,N5037-1PU1
2025-09-09 16:49:26.173,N5,38,N5038-M33Z
2025-09-09 16:49:26.179,N5,39,N5039-IKOR
2025-09-09 16:49:26.185,N5,40,N5040-U8MP
2025-09-09 16:49:26.191,N5,41,N5041-4T9I
2025-09-09 16:49:26.197,N5,42,N5042-5ZV2
2025-09-09 16:49:26.203,N5,43,N5043-I4ZJ
2025-09-09 16:49:26.209,N5,44,N5044-KKG2
2025-09-09 16:49:26.215,N5,45,N5045-C9RB
2025-09-09 16:49:26.221,N5,46,N5046-BHN0
2025-09-09 16:49:26.227,N5,47,N5047-D6E8
2025-09-09 16:49:26.233,N5,48,N5048-57K4
2025-09-09 16:49:26.239,N5,49,N5049-R40L
2025-09-09 16:49:26.245,N5,50,N5050-DJ45
2025-09-09 16:49:26.251,N5,51,N5051-V1KW
2025-09-09 16:49:26.257,N5,52,N5052-PG5L
2025-09-09 16:49:26.263,N5,53,N5053-SKX1
2025-09-09 16:49:26.269,N5,54,N5054-N7Y2
2025-09-09 16:49:26.275,N5,55,N5055-B230
2025-09-09 16:49:26.281,N5,56,N5056-URNV
2025-09-09 16:49:26.287,N5,57,N5057-4WI0
2025-09-09 16:49:26.293,N5,58,N5058-73LC
2025-09-09 16:49:26.299,N5,59,N5059-YY7Z
2025-09-09 16:49:26.305,N5,60,N5060-XZFQ
2025-09-09 16:49:26.311,N5,61,N5061-9DXI
2025-09-09 16:49:26.318,N5,62,N5062-VUL4
2025-09-09 16:49:26.324,N5,63,N5063-6JDJ
2025-09-09 16:49:26.330,N5,64,N5064-HKK2
2025-09-09 16:49:26.336,N5,65,N5065-723M
2025-09-09 16:49:26.341,N5,66,N5066-JAFI
2025-09-09 16:49:26.348,N5,67,N5067-LCKJ
2025-09-09 16:49:26.354,N5,68,N5068-2EG6
2025-09-09 16:49:26.360,N5,69,N5069-0KAD
2025-09-09 16:49:26.366,N5,70,N5070-RJXD
2025-09-09 16:49:26.372,N5,71,N5071-GHZ6
2025-09-09 16:49:26.378,N5,72,N5072-INKQ
2025-09-09 16:49:26.384,N5,73,N5073-38O0
2025-09-09 16:49:26.390,N5,74,N5074-EPTP
2025-09-09 16:49:26.396,N5,75,N5075-EL40
2025-09-09 16:49:26.402,N5,76,N5076-HXKR
2025-09-09 16:49:26.408,N5,77,N5077-1X76
2025-09-09 16:49:26.414,N5,78,N5078-XPIS
2025-09-09 16:49:26.420,N5,79,N5079-0F9H
2025-09-09 16:49:26.426,N5,80,N5080-FQ86
2025-09-09 16:49:26.432,N5,81,N5081-0DCG
2025-09-09 16:49:26.438,N5,82,N5082-KIQO
2025-09-09 16:49:26.444,N5,83,N5083-4OKG
2025-09-09 16:49:26.450,N5,84,N5084-ZKCT
2025-09-09 16:49:26.456,N5,85,N5085-VOPT
2025-09-09 16:49:26.462,N5,86,N5086-OT2O
2025-09-09 16:49:26.468,N5,87,N5087-LE83
2025-09-09 16:49:26.474,N5,88,N5088-6WQ5
2025-09-09 16:49:26.480,N5,89,N5089-TI28
2025-09-09 16:49:26.486,N5,90,N5090-CXFM
2025-09-09 16:49:26.492,N5,91,N5091-SF0C
2025-09-09 16:49:26.499,N5,92,N5092-DOWN
2025-09-09 16:49:26.505,N5,93,N5093-BG2E
2025-09-09 16:49:26.511,N5,94,N5094-AV3D
2025-09-09 16:49:26.517,N5,95,N5095-K6AA
2025-09-09 16:49:26.523,N5,96,N5096-XXAT
2025-09-09 16:49:26.529,N5,97,N5097-5GNG
2025-09-09 16:49:26.535,N5,98,N5098-AUJL
2025-09-09 16:49:26.541,N5,99,N5099-W6P3
