timestamp,node,frame_index,payload
2025-09-09 16:49:25.947,N7,0,N7000-W0WB
2025-09-09 16:49:25.953,N7,1,N7001-Y5HD
2025-09-09 16:49:25.959,N7,2,N7002-MAJH
2025-09-09 16:49:25.965,N7,3,N7003-NH19
2025-09-09 16:49:25.972,N7,4,N7004-XD35
2025-09-09 16:49:25.978,N7,5,N7005-9VEO
2025-09-09 16:49:25.984,N7,6,N7006-E5Z9
2025-09-09 16:49:25.990,N7,7,N7007-M0QA
2025-09-09 16:49:25.997,N7,8,N7008-A4D8
2025-09-09 16:49:25.003,N7,9,N7009-SD2Z
2025-09-09 16:49:25.009,N7,10,N7010-NM4E
2025-09-09 16:49:25.015,N7,11,N7011-4XTS
2025-09-09 16:49:26.021,N7,12,N7012-Z1ZP
2025-09-09 16:49:26.027,N7,13,N7013-DC4G
2025-09-09 16:49:26.033,N7,14,N7014-ML3I
2025-09-09 16:49:26.039,N7,15,N7015-Z73L
2025-09-09 16:49:26.045,N7,16,N7016-D8ZK
2025-09-09 16:49:26.051,N7,17,N7017-Y1SI
2025-09-09 16:49:26.057,N7,18,N7018-TALE
2025-09-09 16:49:26.063,N7,19,N7019-IBLV
2025-09-09 16:49:26.069,N7,20,N7020-Q5NN
2025-09-09 16:49:26.075,N7,21,N7021-ZNNE
2025-09-09 16:49:26.081,N7,22,N7022-X5IB
2025-09-09 16:49:26.087,N7,23,N7023-KFGX
2025-09-09 16:49:26.093,N7,24,N7024-7ONF
2025-09-09 16:49:26.099,N7,25,N7025-NRTW
2025-09-09 16:49:26.105,N7,26,N7026-0WK1
2025-09-09 16:49:26.111,N7,27,N7027-BNEX
2025-09-09 16:49:26.117,N7,28,N7028-WS42
2025-09-09 16:49:26.123,N7,29,N7029-0IUM
2025-09-09 16:49:26.129,N7,30,N7030-I7YR
2025-09-09 16:49:26.135,N7,31,N7031-ZJKA
2025-09-09 16:49:26.141,N7,32,N7032-ST7L
2025-09-09 16:49:26.148,N7,33,N7033-HL3V
2025-09-09 16:49:26.154,N7,34,N7034-K9HT
2025-09-09 16:49:26.160,N7,35,N7035-H26M
2025-09-09 16:49:26.166,N7,36,N7036-SC6T
2025-09-09 16:49:26.172,N7,37,N7037-9HHA
2025-09-09 16:49:26.179,N7,38,N7038-FWU5
2025-09-09 16:49:26.185,N7,39,N7039-DO91
2025-09-09 16:49:26.191,N7,40,N7040-8GVB
2025-09-09 16:49:26.197,N7,41,N7041-YVQQ
2025-09-09 16:49:26.203,N7,42,N7042-07F7
2025-09-09 16:49:26.209,N7,43,N7043-6MSK
2025-09-09 16:49:26.215,N7,44,N7044-NWOW
2025-09-09 16:49:26.221,N7,45,N7045-Q478
2025-09-09 16:49:26.228,N7,46,N7046-R64W
2025-09-09 16:49:26.234,N7,47,N7047-CZ2U
2025-09-09 16:49:26.240,N7,48,N7048-KN19
2025-09-09 16:49:26.246,N7,49,N7049-C6NV
2025-09-09 16:49:26.252,N7,50,N7050-66S1
2025-09-09 16:49:26.258,N7,51,N7051-7AL2
2025-09-09 16:49:26.264,N7,52,N7052-2LFC
2025-09-09 16:49:26.270,N7,53,N7053-YBYE
2025-09-09 16:49:26.276,N7,54,N7054-WLMC
2025-09-09 16:49:26.283,N7,55,N7055-04FL
2025-09-09 16:49:26.289,N7,56,N7056-5SPM
2025-09-09 16:49:26.295,N7,57,N7057-VUWK
2025-09-09 16:49:26.301,N7,58,N7058-JWJR
2025-09-09 16:49:26.307,N7,59,N7059-DVGC
2025-09-09 16:49:26.313,N7,60,N7060-1P4D
2025-09-09 16:49:26.319,N7,61,N7061-TP8R
2025-09-09 16:49:26.325,N7,62,N7062-UET4
2025-09-09 16:49:26.331,N7,63,N7063-TX88
2025-09-09 16:49:26.338,N7,64,N7064-8DZP
2025-09-09 16:49:26.344,N7,65,N7065-A7M2
2025-09-09 16:49:26.350,N7,66,N7066-SRJF
2025-09-09 16:49:26.356,N7,67,N7067-JN2L
2025-09-09 16:49:26.362,N7,68,N7068-VCUD
2025-09-09 16:49:26.368,N7,69,N7069-THZH
2025-09-09 16:49:26.374,N7,70,N7070-7NJ0
2025-09-09 16:49:26.380,N7,71,N7071-X72U
2025-09-09 16:49:26.386,N7,72,N7072-30WZ
2025-09-09 16:49:26.392,N7,73,N7073-Y3Q0
2025-09-09 16:49:26.398,N7,74,N7074-W768
2025-09-09 16:49:26.404,N7,75,N7075-C5I5
2025-09-09 16:49:26.410,N7,76,N7076-HPXR
2025-09-09 16:49:26.416,N7,77,N7077-ZWMD
2025-09-09 16:49:26.422,N7,78,N7078-VSAI
2025-09-09 16:49:26.428,N7,79,N7079-S4S8
2025-09-09 16:49:26.434,N7,80,N7080-UERQ
2025-09-09 16:49:26.440,N7,81,N7081-G5O7
2025-09-09 16:49:26.446,N7,82,N7082-YBTE
2025-09-09 16:49:26.452,N7,83,N7083-32C1
2025-09-09 16:49:26.458,N7,84,N7084-7I59
2025-09-09 16:49:26.464,N7,85,N7085-QMX7
2025-09-09 16:49:26.471,N7,86,N7086-NYJ6
2025-09-09 16:49:26.477,N7,87,N7087-HQ40
2025-09-09 16:49:26.483,N7,88,N7088-1RKZ
2025-09-09 16:49:26.489,N7,89,N7089-UO0O
2025-09-09 16:49:26.495,N7,90,N7090-A7MO
2025-09-09 16:49:26.501,N7,91,N7091-XZWR
2025-09-09 16:49:26.507,N7,92,N7092-IM9I
2025-09-09 16:49:26.513,N7,93,N7093-QPCE
2025-09-09 16:49:26.519,N7,94,N7094-1J4K
2025-09-09 16:49:26.525,N7,95,N7095-VICF
2025-09-09 16:49:26.531,N7,96,N7096-Q52F
2025-09-09 16:49:26.538,N7,97,N7097-WHOB
2025-09-09 16:49:26.544,N7,98,N7098-I961
2025-09-09 16:49:26.550,N7,99,N7099-0ZZ7
