timestamp,node,frame_index,payload
2025-09-07 00:41:48.959,N2,0,N2000-6HN9
2025-09-07 00:41:48.976,N2,1,N2001-O3GP
2025-09-07 00:41:48.001,N2,2,N2002-NV1H
2025-09-07 00:41:49.018,N2,3,N2003-0A0Y
2025-09-07 00:41:49.035,N2,4,N2004-KYAI
2025-09-07 00:41:49.051,N2,5,N2005-Y0PB
2025-09-07 00:41:49.068,N2,6,N2006-H3DB
2025-09-07 00:41:49.084,N2,7,N2007-74LK
2025-09-07 00:41:49.101,N2,8,N2008-V4YO
2025-09-07 00:41:49.117,N2,9,N2009-U6TR
2025-09-07 00:41:49.134,N2,10,N2010-ATQW
2025-09-07 00:41:49.150,N2,11,N2011-WYRV
2025-09-07 00:41:49.167,N2,12,N2012-Q53F
2025-09-07 00:41:49.183,N2,13,N2013-ZHDG
2025-09-07 00:41:49.199,N2,14,N2014-2WIP
2025-09-07 00:41:49.216,N2,15,N2015-GXGE
2025-09-07 00:41:49.232,N2,16,N2016-D0HA
2025-09-07 00:41:49.249,N2,17,N2017-X9W0
2025-09-07 00:41:49.265,N2,18,N2018-QSUH
2025-09-07 00:41:49.281,N2,19,N2019-K1TZ
2025-09-07 00:41:49.298,N2,20,N2020-O8TX
2025-09-07 00:41:49.314,N2,21,N2021-FLOW
2025-09-07 00:41:49.330,N2,22,N2022-J664
2025-09-07 00:41:49.347,N2,23,N2023-BN45
2025-09-07 00:41:49.363,N2,24,N2024-C6U6
2025-09-07 00:41:49.379,N2,25,N2025-39HN
2025-09-07 00:41:49.396,N2,26,N2026-XJ5B
2025-09-07 00:41:49.412,N2,27,N2027-YUZD
2025-09-07 00:41:49.429,N2,28,N2028-JBZE
2025-09-07 00:41:49.445,N2,29,N2029-PPQX
2025-09-07 00:41:49.461,N2,30,N2030-T44C
2025-09-07 00:41:49.478,N2,31,N2031-IWU9
2025-09-07 00:41:49.494,N2,32,N2032-GZ7V
2025-09-07 00:41:49.511,N2,33,N2033-EY49
2025-09-07 00:41:49.527,N2,34,N2034-WUZZ
2025-09-07 00:41:49.543,N2,35,N2035-ZS3H
2025-09-07 00:41:49.560,N2,36,N2036-DAHI
2025-09-07 00:41:49.576,N2,37,N2037-3CAR
2025-09-07 00:41:49.592,N2,38,N2038-T2RR
2025-09-07 00:41:49.609,N2,39,N2039-O708
2025-09-07 00:41:49.625,N2,40,N2040-OXSX
2025-09-07 00:41:49.642,N2,41,N2041-A00G
2025-09-07 00:41:49.658,N2,42,N2042-3TMP
2025-09-07 00:41:49.674,N2,43,N2043-5OXS
2025-09-07 00:41:49.691,N2,44,N2044-4T04
2025-09-07 00:41:49.707,N2,45,N2045-WIM8
2025-09-07 00:41:49.723,N2,46,N2046-QKGR
2025-09-07 00:41:49.740,N2,47,N2047-CCXK
2025-09-07 00:41:49.756,N2,48,N2048-QD01
2025-09-07 00:41:49.772,N2,49,N2049-1IRL
2025-09-07 00:41:49.788,N2,50,N2050-NW20
2025-09-07 00:41:49.805,N2,51,N2051-8240
2025-09-07 00:41:49.821,N2,52,N2052-XZ28
2025-09-07 00:41:49.837,N2,53,N2053-JOJ7
2025-09-07 00:41:49.853,N2,54,N2054-GES1
2025-09-07 00:41:49.870,N2,55,N2055-TLRF
2025-09-07 00:41:49.886,N2,56,N2056-BZQN
2025-09-07 00:41:49.902,N2,57,N2057-VCES
2025-09-07 00:41:49.919,N2,58,N2058-WDM0
2025-09-07 00:41:49.935,N2,59,N2059-IQGW
2025-09-07 00:41:49.951,N2,60,N2060-K2XA
2025-09-07 00:41:49.967,N2,61,N2061-XG65
2025-09-07 00:41:49.984,N2,62,N2062-GHS8
2025-09-07 00:41:49.000,N2,63,N2063-FOVB
2025-09-07 00:41:49.016,N2,64,N2064-FBJ6
2025-09-07 00:41:50.033,N2,65,N2065-BHSB
2025-09-07 00:41:50.049,N2,66,N2066-MOCH
2025-09-07 00:41:50.065,N2,67,N2067-DXA4
2025-09-07 00:41:50.082,N2,68,N2068-NTM3
2025-09-07 00:41:50.098,N2,69,N2069-7DT0
2025-09-07 00:41:50.114,N2,70,N2070-02DK
2025-09-07 00:41:50.131,N2,71,N2071-OY8C
2025-09-07 00:41:50.147,N2,72,N2072-8IKG
2025-09-07 00:41:50.164,N2,73,N2073-4OBK
2025-09-07 00:41:50.181,N2,74,N2074-LPMY
2025-09-07 00:41:50.197,N2,75,N2075-DD85
2025-09-07 00:41:50.214,N2,76,N2076-1PKJ
2025-09-07 00:41:50.230,N2,77,N2077-K9GZ
2025-09-07 00:41:50.246,N2,78,N2078-Z2MK
2025-09-07 00:41:50.263,N2,79,N2079-SBTI
2025-09-07 00:41:50.279,N2,80,N2080-4K7N
2025-09-07 00:41:50.296,N2,81,N2081-4SP6
2025-09-07 00:41:50.312,N2,82,N2082-Q0B4
2025-09-07 00:41:50.328,N2,83,N2083-7ZRS
2025-09-07 00:41:50.345,N2,84,N2084-0I80
2025-09-07 00:41:50.361,N2,85,N2085-JNZS
2025-09-07 00:41:50.377,N2,86,N2086-O86X
2025-09-07 00:41:50.394,N2,87,N2087-WBHF
2025-09-07 00:41:50.410,N2,88,N2088-7CAI
2025-09-07 00:41:50.426,N2,89,N2089-S803
2025-09-07 00:41:50.443,N2,90,N2090-T8JQ
2025-09-07 00:41:50.459,N2,91,N2091-05JX
2025-09-07 00:41:50.476,N2,92,N2092-IV6K
2025-09-07 00:41:50.492,N2,93,N2093-J5AX
2025-09-07 00:41:50.509,N2,94,N2094-NJ2Q
2025-09-07 00:41:50.525,N2,95,N2095-HFWX
2025-09-07 00:41:50.542,N2,96,N2096-BA5Y
2025-09-07 00:41:50.558,N2,97,N2097-QUCQ
2025-09-07 00:41:50.575,N2,98,N2098-DMUQ
2025-09-07 00:41:50.592,N2,99,N2099-35ZK
