timestamp,node,frame_index,payload
2025-09-06 20:36:29.922,N5,0,N5000-3O1V
2025-09-06 20:36:29.924,N5,1,N5001-T777
2025-09-06 20:36:29.926,N5,2,N5002-AVJN
2025-09-06 20:36:29.928,N5,3,N5003-CPVA
2025-09-06 20:36:29.930,N5,4,N5004-4F74
2025-09-06 20:36:29.933,N5,5,N5005-KU1D
2025-09-06 20:36:29.935,N5,6,N5006-MONJ
2025-09-06 20:36:29.937,N5,7,N5007-EJSG
2025-09-06 20:36:29.939,N5,8,N5008-SASK
2025-09-06 20:36:29.942,N5,9,N5009-MGIX
2025-09-06 20:36:29.944,N5,10,N5010-GNEI
2025-09-06 20:36:29.946,N5,11,N5011-NQZT
2025-09-06 20:36:29.948,N5,12,N5012-SK7P
2025-09-06 20:36:29.950,N5,13,N5013-HEOK
2025-09-06 20:36:29.953,N5,14,N5014-CW7C
2025-09-06 20:36:29.955,N5,15,N5015-31BN
2025-09-06 20:36:29.957,N5,16,N5016-1Q5N
2025-09-06 20:36:29.959,N5,17,N5017-Q07V
2025-09-06 20:36:29.961,N5,18,N5018-SCSA
2025-09-06 20:36:29.970,N5,19,N5019-JOIM
2025-09-06 20:36:29.975,N5,20,N5020-KKC5
2025-09-06 20:36:29.979,N5,21,N5021-M8VX
2025-09-06 20:36:29.985,N5,22,N5022-QZ3Q
2025-09-06 20:36:29.987,N5,23,N5023-NJLB
2025-09-06 20:36:29.989,N5,24,N5024-ZVQG
2025-09-06 20:36:29.991,N5,25,N5025-HCXM
2025-09-06 20:36:29.994,N5,26,N5026-AIJV
2025-09-06 20:36:29.996,N5,27,N5027-D6OB
2025-09-06 20:36:29.998,N5,28,N5028-2YQR
2025-09-06 20:36:29.000,N5,29,N5029-2S5R
2025-09-06 20:36:29.002,N5,30,N5030-LZNW
2025-09-06 20:36:29.005,N5,31,N5031-RY7Z
2025-09-06 20:36:29.007,N5,32,N5032-9IP3
2025-09-06 20:36:29.010,N5,33,N5033-SCDQ
2025-09-06 20:36:30.012,N5,34,N5034-BSRD
2025-09-06 20:36:30.016,N5,35,N5035-K6I4
2025-09-06 20:36:30.018,N5,36,N5036-TERV
2025-09-06 20:36:30.021,N5,37,N5037-VZF0
2025-09-06 20:36:30.023,N5,38,N5038-SNFK
2025-09-06 20:36:30.027,N5,39,N5039-WWQ0
2025-09-06 20:36:30.030,N5,40,N5040-N1GI
2025-09-06 20:36:30.034,N5,41,N5041-PQ77
2025-09-06 20:36:30.037,N5,42,N5042-RM2K
2025-09-06 20:36:30.040,N5,43,N5043-5KT5
2025-09-06 20:36:30.042,N5,44,N5044-4W0U
2025-09-06 20:36:30.045,N5,45,N5045-OIKV
2025-09-06 20:36:30.047,N5,46,N5046-LRLF
2025-09-06 20:36:30.049,N5,47,N5047-PSVD
2025-09-06 20:36:30.052,N5,48,N5048-1Z6J
2025-09-06 20:36:30.054,N5,49,N5049-BP2T
2025-09-06 20:36:30.057,N5,50,N5050-4HQC
2025-09-06 20:36:30.060,N5,51,N5051-UEE7
2025-09-06 20:36:30.063,N5,52,N5052-0J59
2025-09-06 20:36:30.066,N5,53,N5053-S9KH
2025-09-06 20:36:30.069,N5,54,N5054-F156
2025-09-06 20:36:30.071,N5,55,N5055-R1IJ
2025-09-06 20:36:30.073,N5,56,N5056-LQNK
2025-09-06 20:36:30.075,N5,57,N5057-8N83
2025-09-06 20:36:30.077,N5,58,N5058-4UPS
2025-09-06 20:36:30.079,N5,59,N5059-48DO
2025-09-06 20:36:30.081,N5,60,N5060-FWVC
2025-09-06 20:36:30.083,N5,61,N5061-T26A
2025-09-06 20:36:30.087,N5,62,N5062-ELH6
2025-09-06 20:36:30.089,N5,63,N5063-U0MU
2025-09-06 20:36:30.094,N5,64,N5064-75N6
2025-09-06 20:36:30.096,N5,65,N5065-J2H6
2025-09-06 20:36:30.098,N5,66,N5066-BYVW
2025-09-06 20:36:30.101,N5,67,N5067-XOXF
2025-09-06 20:36:30.103,N5,68,N5068-6KTS
2025-09-06 20:36:30.127,N5,69,N5069-1J19
2025-09-06 20:36:30.129,N5,70,N5070-EE67
2025-09-06 20:36:30.131,N5,71,N5071-VVHV
2025-09-06 20:36:30.133,N5,72,N5072-OZHL
2025-09-06 20:36:30.135,N5,73,N5073-U7SP
2025-09-06 20:36:30.137,N5,74,N5074-PG1R
2025-09-06 20:36:30.139,N5,75,N5075-TVTM
2025-09-06 20:36:30.146,N5,76,N5076-DCFM
2025-09-06 20:36:30.148,N5,77,N5077-6FR1
2025-09-06 20:36:30.149,N5,78,N5078-INVO
2025-09-06 20:36:30.152,N5,79,N5079-AW3N
2025-09-06 20:36:30.154,N5,80,N5080-6SBY
2025-09-06 20:36:30.178,N5,81,N5081-E355
2025-09-06 20:36:30.180,N5,82,N5082-O00T
2025-09-06 20:36:30.182,N5,83,N5083-03EA
2025-09-06 20:36:30.184,N5,84,N5084-606Q
2025-09-06 20:36:30.186,N5,85,N5085-YKLG
2025-09-06 20:36:30.188,N5,86,N5086-LBWZ
2025-09-06 20:36:30.194,N5,87,N5087-N9BJ
2025-09-06 20:36:30.196,N5,88,N5088-SD7D
2025-09-06 20:36:30.198,N5,89,N5089-T4F9
2025-09-06 20:36:30.201,N5,90,N5090-P6PB
2025-09-06 20:36:30.203,N5,91,N5091-CTST
2025-09-06 20:36:30.226,N5,92,N5092-PKBW
2025-09-06 20:36:30.229,N5,93,N5093-95E6
2025-09-06 20:36:30.230,N5,94,N5094-1R49
2025-09-06 20:36:30.232,N5,95,N5095-DXSJ
2025-09-06 20:36:30.235,N5,96,N5096-VHXW
2025-09-06 20:36:30.237,N5,97,N5097-WP2J
2025-09-06 20:36:30.239,N5,98,N5098-4PQ2
2025-09-06 20:36:30.246,N5,99,N5099-LB6Q
