timestamp,node,frame_index,payload
2025-09-06 20:36:29.925,N6,0,N6000-KYBB
2025-09-06 20:36:29.927,N6,1,N6001-UJGN
2025-09-06 20:36:29.929,N6,2,N6002-5V3K
2025-09-06 20:36:29.932,N6,3,N6003-NLRP
2025-09-06 20:36:29.934,N6,4,N6004-4JU4
2025-09-06 20:36:29.936,N6,5,N6005-0TTN
2025-09-06 20:36:29.938,N6,6,N6006-WPET
2025-09-06 20:36:29.941,N6,7,N6007-NTOP
2025-09-06 20:36:29.943,N6,8,N6008-V5MU
2025-09-06 20:36:29.945,N6,9,N6009-OEE4
2025-09-06 20:36:29.947,N6,10,N6010-QS36
2025-09-06 20:36:29.949,N6,11,N6011-WTJD
2025-09-06 20:36:29.952,N6,12,N6012-7A2D
2025-09-06 20:36:29.954,N6,13,N6013-ACBA
2025-09-06 20:36:29.957,N6,14,N6014-ZF8Q
2025-09-06 20:36:29.959,N6,15,N6015-D2BM
2025-09-06 20:36:29.963,N6,16,N6016-KBUV
2025-09-06 20:36:29.965,N6,17,N6017-Z0PQ
2025-09-06 20:36:29.967,N6,18,N6018-OV3F
2025-09-06 20:36:29.969,N6,19,N6019-0U2N
2025-09-06 20:36:29.972,N6,20,N6020-2B0V
2025-09-06 20:36:29.974,N6,21,N6021-CF6G
2025-09-06 20:36:29.978,N6,22,N6022-VL2R
2025-09-06 20:36:29.980,N6,23,N6023-2XIC
2025-09-06 20:36:29.982,N6,24,N6024-1KDM
2025-09-06 20:36:29.985,N6,25,N6025-5AVV
2025-09-06 20:36:29.987,N6,26,N6026-AB4D
2025-09-06 20:36:29.990,N6,27,N6027-AKZ5
2025-09-06 20:36:29.992,N6,28,N6028-QAP9
2025-09-06 20:36:29.995,N6,29,N6029-LJIT
2025-09-06 20:36:29.997,N6,30,N6030-F3R9
2025-09-06 20:36:29.999,N6,31,N6031-DODR
2025-09-06 20:36:29.001,N6,32,N6032-H1JU
2025-09-06 20:36:29.003,N6,33,N6033-FS76
2025-09-06 20:36:29.006,N6,34,N6034-KCR5
2025-09-06 20:36:29.008,N6,35,N6035-3I69
2025-09-06 20:36:29.011,N6,36,N6036-MMR3
2025-09-06 20:36:30.013,N6,37,N6037-WJWM
2025-09-06 20:36:30.016,N6,38,N6038-DALB
2025-09-06 20:36:30.019,N6,39,N6039-FQ16
2025-09-06 20:36:30.021,N6,40,N6040-GDD3
2025-09-06 20:36:30.023,N6,41,N6041-5378
2025-09-06 20:36:30.025,N6,42,N6042-0LNS
2025-09-06 20:36:30.027,N6,43,N6043-N9IB
2025-09-06 20:36:30.030,N6,44,N6044-I9CH
2025-09-06 20:36:30.032,N6,45,N6045-OCU5
2025-09-06 20:36:30.034,N6,46,N6046-73ZL
2025-09-06 20:36:30.036,N6,47,N6047-SLKL
2025-09-06 20:36:30.038,N6,48,N6048-HKKH
2025-09-06 20:36:30.041,N6,49,N6049-TGA1
2025-09-06 20:36:30.044,N6,50,N6050-106R
2025-09-06 20:36:30.046,N6,51,N6051-5W9R
2025-09-06 20:36:30.048,N6,52,N6052-3KQI
2025-09-06 20:36:30.051,N6,53,N6053-YW10
2025-09-06 20:36:30.053,N6,54,N6054-2YVE
2025-09-06 20:36:30.056,N6,55,N6055-HJOG
2025-09-06 20:36:30.058,N6,56,N6056-VX2O
2025-09-06 20:36:30.061,N6,57,N6057-GWT8
2025-09-06 20:36:30.064,N6,58,N6058-PXS1
2025-09-06 20:36:30.087,N6,59,N6059-GLAY
2025-09-06 20:36:30.091,N6,60,N6060-ON5F
2025-09-06 20:36:30.093,N6,61,N6061-ZRCQ
2025-09-06 20:36:30.095,N6,62,N6062-8FR3
2025-09-06 20:36:30.097,N6,63,N6063-25Z5
2025-09-06 20:36:30.099,N6,64,N6064-VJ4J
2025-09-06 20:36:30.102,N6,65,N6065-RWP5
2025-09-06 20:36:30.106,N6,66,N6066-67RH
2025-09-06 20:36:30.108,N6,67,N6067-3W1P
2025-09-06 20:36:30.110,N6,68,N6068-8JCU
2025-09-06 20:36:30.112,N6,69,N6069-3I3Q
2025-09-06 20:36:30.114,N6,70,N6070-T7TV
2025-09-06 20:36:30.139,N6,71,N6071-EAL4
2025-09-06 20:36:30.142,N6,72,N6072-311U
2025-09-06 20:36:30.144,N6,73,N6073-TJVP
2025-09-06 20:36:30.151,N6,74,N6074-G9AZ
2025-09-06 20:36:30.153,N6,75,N6075-QKJD
2025-09-06 20:36:30.156,N6,76,N6076-T5Y5
2025-09-06 20:36:30.158,N6,77,N6077-EI91
2025-09-06 20:36:30.160,N6,78,N6078-BJKX
2025-09-06 20:36:30.162,N6,79,N6079-H76S
2025-09-06 20:36:30.164,N6,80,N6080-AGGR
2025-09-06 20:36:30.166,N6,81,N6081-8YR4
2025-09-06 20:36:30.168,N6,82,N6082-TPD8
2025-09-06 20:36:30.191,N6,83,N6083-WMC6
2025-09-06 20:36:30.193,N6,84,N6084-P1PT
2025-09-06 20:36:30.195,N6,85,N6085-02MP
2025-09-06 20:36:30.197,N6,86,N6086-0YXZ
2025-09-06 20:36:30.199,N6,87,N6087-3DRF
2025-09-06 20:36:30.201,N6,88,N6088-0DVL
2025-09-06 20:36:30.204,N6,89,N6089-VM56
2025-09-06 20:36:30.206,N6,90,N6090-SYMS
2025-09-06 20:36:30.215,N6,91,N6091-LBVG
2025-09-06 20:36:30.217,N6,92,N6092-ANU3
2025-09-06 20:36:30.219,N6,93,N6093-1NLK
2025-09-06 20:36:30.227,N6,94,N6094-RQRV
2025-09-06 20:36:30.230,N6,95,N6095-D4T5
2025-09-06 20:36:30.233,N6,96,N6096-VAHD
2025-09-06 20:36:30.240,N6,97,N6097-V2G2
2025-09-06 20:36:30.242,N6,98,N6098-H37L
2025-09-06 20:36:30.245,N6,99,N6099-9939
