timestamp,node,frame_index,payload
2025-09-06 20:36:29.924,N8,0,N8000-SLPG
2025-09-06 20:36:29.927,N8,1,N8001-HR9E
2025-09-06 20:36:29.929,N8,2,N8002-32FB
2025-09-06 20:36:29.932,N8,3,N8003-TLEH
2025-09-06 20:36:29.934,N8,4,N8004-ODF0
2025-09-06 20:36:29.936,N8,5,N8005-C0ZH
2025-09-06 20:36:29.938,N8,6,N8006-JNG7
2025-09-06 20:36:29.941,N8,7,N8007-EWKR
2025-09-06 20:36:29.951,N8,8,N8008-471N
2025-09-06 20:36:29.953,N8,9,N8009-OZHA
2025-09-06 20:36:29.956,N8,10,N8010-ZU19
2025-09-06 20:36:29.958,N8,11,N8011-KRZL
2025-09-06 20:36:29.962,N8,12,N8012-LU9R
2025-09-06 20:36:29.964,N8,13,N8013-352B
2025-09-06 20:36:29.966,N8,14,N8014-VHA4
2025-09-06 20:36:29.969,N8,15,N8015-HI3E
2025-09-06 20:36:29.972,N8,16,N8016-1YCP
2025-09-06 20:36:29.975,N8,17,N8017-K3T1
2025-09-06 20:36:29.978,N8,18,N8018-HPRG
2025-09-06 20:36:29.980,N8,19,N8019-8USZ
2025-09-06 20:36:29.982,N8,20,N8020-Z1O4
2025-09-06 20:36:29.984,N8,21,N8021-MP9B
2025-09-06 20:36:29.988,N8,22,N8022-ZAE2
2025-09-06 20:36:29.990,N8,23,N8023-Q6WJ
2025-09-06 20:36:29.992,N8,24,N8024-ZOCD
2025-09-06 20:36:29.996,N8,25,N8025-75MJ
2025-09-06 20:36:29.999,N8,26,N8026-JJQQ
2025-09-06 20:36:29.003,N8,27,N8027-K7CY
2025-09-06 20:36:29.006,N8,28,N8028-MTCU
2025-09-06 20:36:29.009,N8,29,N8029-YFXN
2025-09-06 20:36:30.011,N8,30,N8030-CHFK
2025-09-06 20:36:30.014,N8,31,N8031-D7HG
2025-09-06 20:36:30.016,N8,32,N8032-C4LW
2025-09-06 20:36:30.018,N8,33,N8033-4GRM
2025-09-06 20:36:30.021,N8,34,N8034-MQY9
2025-09-06 20:36:30.023,N8,35,N8035-8JD8
2025-09-06 20:36:30.025,N8,36,N8036-OJ94
2025-09-06 20:36:30.027,N8,37,N8037-C0RC
2025-09-06 20:36:30.030,N8,38,N8038-DJUA
2025-09-06 20:36:30.032,N8,39,N8039-CCWF
2025-09-06 20:36:30.034,N8,40,N8040-AQD9
2025-09-06 20:36:30.036,N8,41,N8041-B2I5
2025-09-06 20:36:30.038,N8,42,N8042-L86C
2025-09-06 20:36:30.040,N8,43,N8043-XZSE
2025-09-06 20:36:30.042,N8,44,N8044-5MWU
2025-09-06 20:36:30.045,N8,45,N8045-63SH
2025-09-06 20:36:30.047,N8,46,N8046-MNI3
2025-09-06 20:36:30.049,N8,47,N8047-84XG
2025-09-06 20:36:30.052,N8,48,N8048-I5Q3
2025-09-06 20:36:30.054,N8,49,N8049-0957
2025-09-06 20:36:30.056,N8,50,N8050-GGSU
2025-09-06 20:36:30.058,N8,51,N8051-G9MH
2025-09-06 20:36:30.061,N8,52,N8052-1EPP
2025-09-06 20:36:30.063,N8,53,N8053-XMSU
2025-09-06 20:36:30.065,N8,54,N8054-EC4V
2025-09-06 20:36:30.068,N8,55,N8055-CSP2
2025-09-06 20:36:30.072,N8,56,N8056-Q5EB
2025-09-06 20:36:30.074,N8,57,N8057-6NPQ
2025-09-06 20:36:30.076,N8,58,N8058-H1XH
2025-09-06 20:36:30.078,N8,59,N8059-WIJ9
2025-09-06 20:36:30.080,N8,60,N8060-15L1
2025-09-06 20:36:30.082,N8,61,N8061-9Z02
2025-09-06 20:36:30.084,N8,62,N8062-B28Q
2025-09-06 20:36:30.086,N8,63,N8063-QEI3
2025-09-06 20:36:30.088,N8,64,N8064-EKNX
2025-09-06 20:36:30.101,N8,65,N8065-HN15
2025-09-06 20:36:30.103,N8,66,N8066-G2TI
2025-09-06 20:36:30.105,N8,67,N8067-TCGU
2025-09-06 20:36:30.107,N8,68,N8068-KUUH
2025-09-06 20:36:30.118,N8,69,N8069-69SR
2025-09-06 20:36:30.120,N8,70,N8070-7GLT
2025-09-06 20:36:30.122,N8,71,N8071-K3PC
2025-09-06 20:36:30.125,N8,72,N8072-0MFT
2025-09-06 20:36:30.135,N8,73,N8073-60YQ
2025-09-06 20:36:30.137,N8,74,N8074-L0UZ
2025-09-06 20:36:30.140,N8,75,N8075-ALIA
2025-09-06 20:36:30.150,N8,76,N8076-HG2S
2025-09-06 20:36:30.152,N8,77,N8077-8OCN
2025-09-06 20:36:30.154,N8,78,N8078-G6QW
2025-09-06 20:36:30.156,N8,79,N8079-90V8
2025-09-06 20:36:30.165,N8,80,N8080-IQVH
2025-09-06 20:36:30.168,N8,81,N8081-693C
2025-09-06 20:36:30.170,N8,82,N8082-OU8N
2025-09-06 20:36:30.172,N8,83,N8083-F6X8
2025-09-06 20:36:30.183,N8,84,N8084-FNS1
2025-09-06 20:36:30.185,N8,85,N8085-CAPI
2025-09-06 20:36:30.187,N8,86,N8086-IMH9
2025-09-06 20:36:30.196,N8,87,N8087-BWEG
2025-09-06 20:36:30.198,N8,88,N8088-2DII
2025-09-06 20:36:30.200,N8,89,N8089-Y6C7
2025-09-06 20:36:30.202,N8,90,N8090-6JX5
2025-09-06 20:36:30.214,N8,91,N8091-L9C4
2025-09-06 20:36:30.216,N8,92,N8092-F71X
2025-09-06 20:36:30.218,N8,93,N8093-RQM9
2025-09-06 20:36:30.220,N8,94,N8094-OLVG
2025-09-06 20:36:30.232,N8,95,N8095-26SD
2025-09-06 20:36:30.234,N8,96,N8096-3SBK
2025-09-06 20:36:30.236,N8,97,N8097-TIAL
2025-09-06 20:36:30.244,N8,98,N8098-HXMG
2025-09-06 20:36:30.246,N8,99,N8099-3MSF
