timestamp,node,frame_index,payload
2025-09-06 20:36:29.923,N7,0,N7000-WN32
2025-09-06 20:36:29.926,N7,1,N7001-UMT3
2025-09-06 20:36:29.928,N7,2,N7002-0K7A
2025-09-06 20:36:29.931,N7,3,N7003-XNXC
2025-09-06 20:36:29.933,N7,4,N7004-VYBF
2025-09-06 20:36:29.936,N7,5,N7005-7836
2025-09-06 20:36:29.938,N7,6,N7006-UQE2
2025-09-06 20:36:29.943,N7,7,N7007-7XSY
2025-09-06 20:36:29.949,N7,8,N7008-J6MX
2025-09-06 20:36:29.953,N7,9,N7009-XQHN
2025-09-06 20:36:29.956,N7,10,N7010-V3BP
2025-09-06 20:36:29.960,N7,11,N7011-0XF1
2025-09-06 20:36:29.962,N7,12,N7012-3SZU
2025-09-06 20:36:29.968,N7,13,N7013-PJ02
2025-09-06 20:36:29.970,N7,14,N7014-02KD
2025-09-06 20:36:29.972,N7,15,N7015-GSY1
2025-09-06 20:36:29.974,N7,16,N7016-AYY6
2025-09-06 20:36:29.976,N7,17,N7017-WRSI
2025-09-06 20:36:29.979,N7,18,N7018-9QO5
2025-09-06 20:36:29.981,N7,19,N7019-2A16
2025-09-06 20:36:29.983,N7,20,N7020-MJ9U
2025-09-06 20:36:29.986,N7,21,N7021-10U2
2025-09-06 20:36:29.988,N7,22,N7022-9TH8
2025-09-06 20:36:29.990,N7,23,N7023-5N5B
2025-09-06 20:36:29.992,N7,24,N7024-E45P
2025-09-06 20:36:29.994,N7,25,N7025-5QKV
2025-09-06 20:36:29.997,N7,26,N7026-WVNX
2025-09-06 20:36:29.999,N7,27,N7027-7RV5
2025-09-06 20:36:29.001,N7,28,N7028-TXR9
2025-09-06 20:36:29.004,N7,29,N7029-0I5E
2025-09-06 20:36:29.006,N7,30,N7030-LLIZ
2025-09-06 20:36:29.008,N7,31,N7031-G5US
2025-09-06 20:36:29.011,N7,32,N7032-83NK
2025-09-06 20:36:30.013,N7,33,N7033-LOVP
2025-09-06 20:36:30.016,N7,34,N7034-CICY
2025-09-06 20:36:30.019,N7,35,N7035-5483
2025-09-06 20:36:30.022,N7,36,N7036-33FG
2025-09-06 20:36:30.025,N7,37,N7037-E5Z2
2025-09-06 20:36:30.028,N7,38,N7038-RYPN
2025-09-06 20:36:30.032,N7,39,N7039-CH8R
2025-09-06 20:36:30.036,N7,40,N7040-F7VS
2025-09-06 20:36:30.040,N7,41,N7041-N8C1
2025-09-06 20:36:30.042,N7,42,N7042-5HUF
2025-09-06 20:36:30.045,N7,43,N7043-8E6Q
2025-09-06 20:36:30.047,N7,44,N7044-BZBZ
2025-09-06 20:36:30.049,N7,45,N7045-4D03
2025-09-06 20:36:30.052,N7,46,N7046-K62U
2025-09-06 20:36:30.054,N7,47,N7047-SHPB
2025-09-06 20:36:30.056,N7,48,N7048-P43R
2025-09-06 20:36:30.058,N7,49,N7049-HQWQ
2025-09-06 20:36:30.061,N7,50,N7050-346E
2025-09-06 20:36:30.063,N7,51,N7051-CTZB
2025-09-06 20:36:30.065,N7,52,N7052-K835
2025-09-06 20:36:30.067,N7,53,N7053-ZK6U
2025-09-06 20:36:30.069,N7,54,N7054-HLDM
2025-09-06 20:36:30.071,N7,55,N7055-HVN5
2025-09-06 20:36:30.073,N7,56,N7056-IJAV
2025-09-06 20:36:30.075,N7,57,N7057-R82U
2025-09-06 20:36:30.077,N7,58,N7058-VNN5
2025-09-06 20:36:30.081,N7,59,N7059-UI6F
2025-09-06 20:36:30.083,N7,60,N7060-S8ZO
2025-09-06 20:36:30.085,N7,61,N7061-3LHU
2025-09-06 20:36:30.087,N7,62,N7062-K2H6
2025-09-06 20:36:30.091,N7,63,N7063-HTRU
2025-09-06 20:36:30.093,N7,64,N7064-WP6U
2025-09-06 20:36:30.095,N7,65,N7065-KR95
2025-09-06 20:36:30.097,N7,66,N7066-IGAR
2025-09-06 20:36:30.099,N7,67,N7067-5NS9
2025-09-06 20:36:30.124,N7,68,N7068-LVUX
2025-09-06 20:36:30.126,N7,69,N7069-MYLA
2025-09-06 20:36:30.128,N7,70,N7070-SPZA
2025-09-06 20:36:30.130,N7,71,N7071-V654
2025-09-06 20:36:30.132,N7,72,N7072-5OFN
2025-09-06 20:36:30.136,N7,73,N7073-WWO6
2025-09-06 20:36:30.139,N7,74,N7074-0YOI
2025-09-06 20:36:30.143,N7,75,N7075-PQMS
2025-09-06 20:36:30.145,N7,76,N7076-SIF3
2025-09-06 20:36:30.147,N7,77,N7077-W266
2025-09-06 20:36:30.149,N7,78,N7078-65IO
2025-09-06 20:36:30.152,N7,79,N7079-W9SR
2025-09-06 20:36:30.176,N7,80,N7080-TGQ2
2025-09-06 20:36:30.178,N7,81,N7081-PHT6
2025-09-06 20:36:30.180,N7,82,N7082-2TXC
2025-09-06 20:36:30.183,N7,83,N7083-G5MN
2025-09-06 20:36:30.185,N7,84,N7084-O1Z1
2025-09-06 20:36:30.187,N7,85,N7085-SAJD
2025-09-06 20:36:30.189,N7,86,N7086-D2LN
2025-09-06 20:36:30.192,N7,87,N7087-G3CT
2025-09-06 20:36:30.200,N7,88,N7088-BO73
2025-09-06 20:36:30.203,N7,89,N7089-JGLH
2025-09-06 20:36:30.205,N7,90,N7090-1E3E
2025-09-06 20:36:30.207,N7,91,N7091-71VJ
2025-09-06 20:36:30.228,N7,92,N7092-FWE2
2025-09-06 20:36:30.230,N7,93,N7093-EQD2
2025-09-06 20:36:30.234,N7,94,N7094-M16Y
2025-09-06 20:36:30.236,N7,95,N7095-0K8H
2025-09-06 20:36:30.238,N7,96,N7096-DBS2
2025-09-06 20:36:30.240,N7,97,N7097-D6KC
2025-09-06 20:36:30.242,N7,98,N7098-77L3
2025-09-06 20:36:30.244,N7,99,N7099-9EZA
