timestamp,node,frame_index,payload
2025-09-07 13:42:36.290,N4,0,N4000-4LWA
2025-09-07 13:42:36.322,N4,1,N4001-6Q7D
2025-09-07 13:42:36.353,N4,2,N4002-NQ5O
2025-09-07 13:42:36.385,N4,3,N4003-XU2A
2025-09-07 13:42:36.416,N4,4,N4004-8T8A
2025-09-07 13:42:36.447,N4,5,N4005-APJ6
2025-09-07 13:42:36.479,N4,6,N4006-BUI9
2025-09-07 13:42:36.510,N4,7,N4007-SCB4
2025-09-07 13:42:36.541,N4,8,N4008-K9FX
2025-09-07 13:42:36.573,N4,9,N4009-LNAV
2025-09-07 13:42:36.604,N4,10,N4010-NEEQ
2025-09-07 13:42:36.635,N4,11,N4011-491G
2025-09-07 13:42:36.666,N4,12,N4012-ODNF
2025-09-07 13:42:36.698,N4,13,N4013-HK5Y
2025-09-07 13:42:36.729,N4,14,N4014-9X90
2025-09-07 13:42:36.760,N4,15,N4015-DSO4
2025-09-07 13:42:36.792,N4,16,N4016-WPN3
2025-09-07 13:42:36.823,N4,17,N4017-GPS1
2025-09-07 13:42:36.854,N4,18,N4018-747I
2025-09-07 13:42:36.885,N4,19,N4019-F25I
2025-09-07 13:42:36.917,N4,20,N4020-R42U
2025-09-07 13:42:36.948,N4,21,N4021-ROL9
2025-09-07 13:42:36.979,N4,22,N4022-HRAF
2025-09-07 13:42:37.010,N4,23,N4023-71PP
2025-09-07 13:42:37.042,N4,24,N4024-M15H
2025-09-07 13:42:37.073,N4,25,N4025-0WR6
2025-09-07 13:42:37.104,N4,26,N4026-PE4F
2025-09-07 13:42:37.135,N4,27,N4027-31YY
2025-09-07 13:42:37.167,N4,28,N4028-Y0RH
2025-09-07 13:42:37.198,N4,29,N4029-NRTW
2025-09-07 13:42:37.229,N4,30,N4030-LY68
2025-09-07 13:42:37.260,N4,31,N4031-6YXW
2025-09-07 13:42:37.292,N4,32,N4032-7VF7
2025-09-07 13:42:37.323,N4,33,N4033-PCU7
2025-09-07 13:42:37.354,N4,34,N4034-BZOH
2025-09-07 13:42:37.386,N4,35,N4035-VYQ5
2025-09-07 13:42:37.417,N4,36,N4036-1PV4
2025-09-07 13:42:37.448,N4,37,N4037-7HTJ
2025-09-07 13:42:37.479,N4,38,N4038-I5RQ
2025-09-07 13:42:37.511,N4,39,N4039-25WS
2025-09-07 13:42:37.542,N4,40,N4040-BIFI
2025-09-07 13:42:37.573,N4,41,N4041-CZ4S
2025-09-07 13:42:37.604,N4,42,N4042-NPWM
2025-09-07 13:42:37.636,N4,43,N4043-G2XC
2025-09-07 13:42:37.667,N4,44,N4044-1E8C
2025-09-07 13:42:37.698,N4,45,N4045-16T0
2025-09-07 13:42:37.730,N4,46,N4046-BV9K
2025-09-07 13:42:37.761,N4,47,N4047-83TE
2025-09-07 13:42:37.792,N4,48,N4048-K8AS
2025-09-07 13:42:37.823,N4,49,N4049-4BLE
2025-09-07 13:42:37.855,N4,50,N4050-5XHJ
2025-09-07 13:42:37.886,N4,51,N4051-5IP2
2025-09-07 13:42:37.917,N4,52,N4052-H80G
2025-09-07 13:42:37.948,N4,53,N4053-R3TU
2025-09-07 13:42:37.980,N4,54,N4054-47LD
2025-09-07 13:42:37.011,N4,55,N4055-FU1G
2025-09-07 13:42:38.042,N4,56,N4056-GRDS
2025-09-07 13:42:38.073,N4,57,N4057-LPOZ
2025-09-07 13:42:38.105,N4,58,N4058-MDS8
2025-09-07 13:42:38.136,N4,59,N4059-Q2CF
2025-09-07 13:42:38.167,N4,60,N4060-3FJI
2025-09-07 13:42:38.198,N4,61,N4061-3M5V
2025-09-07 13:42:38.230,N4,62,N4062-FVNR
2025-09-07 13:42:38.261,N4,63,N4063-AC98
2025-09-07 13:42:38.292,N4,64,N4064-VD0F
2025-09-07 13:42:38.323,N4,65,N4065-KU92
2025-09-07 13:42:38.355,N4,66,N4066-4OJU
2025-09-07 13:42:38.386,N4,67,N4067-H3FI
2025-09-07 13:42:38.417,N4,68,N4068-BPJL
2025-09-07 13:42:38.448,N4,69,N4069-JZOH
2025-09-07 13:42:38.480,N4,70,N4070-FUNP
2025-09-07 13:42:38.511,N4,71,N4071-LDUL
2025-09-07 13:42:38.542,N4,72,N4072-B7FW
2025-09-07 13:42:38.573,N4,73,N4073-ABUQ
2025-09-07 13:42:38.605,N4,74,N4074-INA8
2025-09-07 13:42:38.636,N4,75,N4075-EXMC
2025-09-07 13:42:38.668,N4,76,N4076-7OWG
2025-09-07 13:42:38.699,N4,77,N4077-RGSN
2025-09-07 13:42:38.730,N4,78,N4078-UAYW
2025-09-07 13:42:38.762,N4,79,N4079-6Y9S
2025-09-07 13:42:38.793,N4,80,N4080-Y5MN
2025-09-07 13:42:38.824,N4,81,N4081-BX90
2025-09-07 13:42:38.855,N4,82,N4082-E482
2025-09-07 13:42:38.887,N4,83,N4083-ND2T
2025-09-07 13:42:38.918,N4,84,N4084-WKX3
2025-09-07 13:42:38.949,N4,85,N4085-NJJT
2025-09-07 13:42:38.981,N4,86,N4086-YZES
2025-09-07 13:42:39.012,N4,87,N4087-W23D
2025-09-07 13:42:39.043,N4,88,N4088-6JKK
2025-09-07 13:42:39.074,N4,89,N4089-DA1Y
2025-09-07 13:42:39.106,N4,90,N4090-7RJJ
2025-09-07 13:42:39.137,N4,91,N4091-CRBV
2025-09-07 13:42:39.168,N4,92,N4092-P6GD
2025-09-07 13:42:39.199,N4,93,N4093-WJ1O
2025-09-07 13:42:39.231,N4,94,N4094-LRAM
2025-09-07 13:42:39.262,N4,95,N4095-3547
2025-09-07 13:42:39.294,N4,96,N4096-ZNVJ
2025-09-07 13:42:39.325,N4,97,N4097-JBKG
2025-09-07 13:42:39.356,N4,98,N4098-YIO3
2025-09-07 13:42:39.388,N4,99,N4099-89IC
