timestamp,node,frame_index,payload
2025-09-07 13:42:36.287,N3,0,N3000-9R5V
2025-09-07 13:42:36.319,N3,1,N3001-I70F
2025-09-07 13:42:36.350,N3,2,N3002-419E
2025-09-07 13:42:36.382,N3,3,N3003-GJPS
2025-09-07 13:42:36.413,N3,4,N3004-HUYJ
2025-09-07 13:42:36.444,N3,5,N3005-IT7A
2025-09-07 13:42:36.476,N3,6,N3006-W6OX
2025-09-07 13:42:36.507,N3,7,N3007-J86H
2025-09-07 13:42:36.538,N3,8,N3008-GE4I
2025-09-07 13:42:36.570,N3,9,N3009-XI2J
2025-09-07 13:42:36.601,N3,10,N3010-Y4RL
2025-09-07 13:42:36.632,N3,11,N3011-KXUD
2025-09-07 13:42:36.663,N3,12,N3012-KQTU
2025-09-07 13:42:36.695,N3,13,N3013-PSFL
2025-09-07 13:42:36.726,N3,14,N3014-5EA3
2025-09-07 13:42:36.757,N3,15,N3015-MK21
2025-09-07 13:42:36.789,N3,16,N3016-1WCL
2025-09-07 13:42:36.820,N3,17,N3017-2RJO
2025-09-07 13:42:36.851,N3,18,N3018-DLEU
2025-09-07 13:42:36.883,N3,19,N3019-AC7X
2025-09-07 13:42:36.914,N3,20,N3020-76CX
2025-09-07 13:42:36.945,N3,21,N3021-UMST
2025-09-07 13:42:36.976,N3,22,N3022-L8AQ
2025-09-07 13:42:37.008,N3,23,N3023-4DZD
2025-09-07 13:42:37.039,N3,24,N3024-TRKI
2025-09-07 13:42:37.070,N3,25,N3025-CQF8
2025-09-07 13:42:37.102,N3,26,N3026-AJMP
2025-09-07 13:42:37.133,N3,27,N3027-LO39
2025-09-07 13:42:37.164,N3,28,N3028-AKC5
2025-09-07 13:42:37.195,N3,29,N3029-BK8H
2025-09-07 13:42:37.227,N3,30,N3030-DDPC
2025-09-07 13:42:37.258,N3,31,N3031-ZKL3
2025-09-07 13:42:37.289,N3,32,N3032-TJZZ
2025-09-07 13:42:37.321,N3,33,N3033-M3JN
2025-09-07 13:42:37.352,N3,34,N3034-620V
2025-09-07 13:42:37.383,N3,35,N3035-EVUE
2025-09-07 13:42:37.414,N3,36,N3036-ZPBB
2025-09-07 13:42:37.446,N3,37,N3037-1IEM
2025-09-07 13:42:37.477,N3,38,N3038-4Y2N
2025-09-07 13:42:37.508,N3,39,N3039-DXAW
2025-09-07 13:42:37.540,N3,40,N3040-5F3H
2025-09-07 13:42:37.571,N3,41,N3041-Y8SA
2025-09-07 13:42:37.602,N3,42,N3042-0JO5
2025-09-07 13:42:37.633,N3,43,N3043-70FV
2025-09-07 13:42:37.665,N3,44,N3044-88SQ
2025-09-07 13:42:37.696,N3,45,N3045-3PL9
2025-09-07 13:42:37.727,N3,46,N3046-EWRD
2025-09-07 13:42:37.759,N3,47,N3047-K5K5
2025-09-07 13:42:37.790,N3,48,N3048-HW5Q
2025-09-07 13:42:37.821,N3,49,N3049-7QIO
2025-09-07 13:42:37.852,N3,50,N3050-RG1F
2025-09-07 13:42:37.884,N3,51,N3051-44XF
2025-09-07 13:42:37.915,N3,52,N3052-QIRI
2025-09-07 13:42:37.946,N3,53,N3053-45H6
2025-09-07 13:42:37.978,N3,54,N3054-DT9U
2025-09-07 13:42:37.009,N3,55,N3055-J3R8
2025-09-07 13:42:38.040,N3,56,N3056-UK03
2025-09-07 13:42:38.071,N3,57,N3057-6GF4
2025-09-07 13:42:38.103,N3,58,N3058-0N66
2025-09-07 13:42:38.134,N3,59,N3059-RTTA
2025-09-07 13:42:38.165,N3,60,N3060-UZNU
2025-09-07 13:42:38.196,N3,61,N3061-130I
2025-09-07 13:42:38.228,N3,62,N3062-OKLS
2025-09-07 13:42:38.259,N3,63,N3063-DW3S
2025-09-07 13:42:38.290,N3,64,N3064-GSE5
2025-09-07 13:42:38.322,N3,65,N3065-AXAC
2025-09-07 13:42:38.353,N3,66,N3066-XIUL
2025-09-07 13:42:38.384,N3,67,N3067-0JJS
2025-09-07 13:42:38.415,N3,68,N3068-PIR2
2025-09-07 13:42:38.447,N3,69,N3069-VMWK
2025-09-07 13:42:38.478,N3,70,N3070-J3EE
2025-09-07 13:42:38.509,N3,71,N3071-6WC0
2025-09-07 13:42:38.540,N3,72,N3072-H3CI
2025-09-07 13:42:38.572,N3,73,N3073-URZO
2025-09-07 13:42:38.603,N3,74,N3074-C7HN
2025-09-07 13:42:38.634,N3,75,N3075-IXA8
2025-09-07 13:42:38.666,N3,76,N3076-UUJI
2025-09-07 13:42:38.697,N3,77,N3077-FVPI
2025-09-07 13:42:38.729,N3,78,N3078-P4OC
2025-09-07 13:42:38.760,N3,79,N3079-VKQV
2025-09-07 13:42:38.791,N3,80,N3080-M404
2025-09-07 13:42:38.822,N3,81,N3081-LDRS
2025-09-07 13:42:38.854,N3,82,N3082-H2WP
2025-09-07 13:42:38.885,N3,83,N3083-6EVK
2025-09-07 13:42:38.916,N3,84,N3084-AG0S
2025-09-07 13:42:38.948,N3,85,N3085-T0WL
2025-09-07 13:42:38.979,N3,86,N3086-3OCP
2025-09-07 13:42:39.010,N3,87,N3087-QTL0
2025-09-07 13:42:39.042,N3,88,N3088-S0FE
2025-09-07 13:42:39.073,N3,89,N3089-0YOV
2025-09-07 13:42:39.104,N3,90,N3090-SRH5
2025-09-07 13:42:39.135,N3,91,N3091-VONC
2025-09-07 13:42:39.167,N3,92,N3092-2SSH
2025-09-07 13:42:39.198,N3,93,N3093-FFWJ
2025-09-07 13:42:39.229,N3,94,N3094-J0EA
2025-09-07 13:42:39.261,N3,95,N3095-3GMW
2025-09-07 13:42:39.292,N3,96,N3096-4UXY
2025-09-07 13:42:39.324,N3,97,N3097-5KKQ
2025-09-07 13:42:39.355,N3,98,N3098-RRMQ
2025-09-07 13:42:39.386,N3,99,N3099-S2AI
