timestamp,node,frame_index,payload
2025-09-07 13:42:36.295,N1,0,N1000-K5IJ
2025-09-07 13:42:36.327,N1,1,N1001-VEED
2025-09-07 13:42:36.359,N1,2,N1002-A7MS
2025-09-07 13:42:36.390,N1,3,N1003-IOX4
2025-09-07 13:42:36.422,N1,4,N1004-6Y15
2025-09-07 13:42:36.454,N1,5,N1005-E5HQ
2025-09-07 13:42:36.485,N1,6,N1006-DG6L
2025-09-07 13:42:36.517,N1,7,N1007-ICLM
2025-09-07 13:42:36.548,N1,8,N1008-I8RU
2025-09-07 13:42:36.580,N1,9,N1009-AH9I
2025-09-07 13:42:36.611,N1,10,N1010-ODIP
2025-09-07 13:42:36.643,N1,11,N1011-VRP8
2025-09-07 13:42:36.674,N1,12,N1012-G9RL
2025-09-07 13:42:36.705,N1,13,N1013-XWEV
2025-09-07 13:42:36.737,N1,14,N1014-CX3O
2025-09-07 13:42:36.768,N1,15,N1015-BE2B
2025-09-07 13:42:36.800,N1,16,N1016-7E09
2025-09-07 13:42:36.831,N1,17,N1017-71QY
2025-09-07 13:42:36.863,N1,18,N1018-OTRE
2025-09-07 13:42:36.894,N1,19,N1019-441I
2025-09-07 13:42:36.926,N1,20,N1020-YZRZ
2025-09-07 13:42:36.957,N1,21,N1021-B78H
2025-09-07 13:42:36.988,N1,22,N1022-7575
2025-09-07 13:42:37.020,N1,23,N1023-LSA2
2025-09-07 13:42:37.051,N1,24,N1024-XJVR
2025-09-07 13:42:37.083,N1,25,N1025-VVSV
2025-09-07 13:42:37.114,N1,26,N1026-8KNP
2025-09-07 13:42:37.145,N1,27,N1027-0ZEH
2025-09-07 13:42:37.177,N1,28,N1028-950Z
2025-09-07 13:42:37.208,N1,29,N1029-29MR
2025-09-07 13:42:37.240,N1,30,N1030-Q7PG
2025-09-07 13:42:37.271,N1,31,N1031-O7N6
2025-09-07 13:42:37.303,N1,32,N1032-LISO
2025-09-07 13:42:37.334,N1,33,N1033-BQK0
2025-09-07 13:42:37.365,N1,34,N1034-63IK
2025-09-07 13:42:37.397,N1,35,N1035-QAXE
2025-09-07 13:42:37.428,N1,36,N1036-GZMR
2025-09-07 13:42:37.460,N1,37,N1037-169S
2025-09-07 13:42:37.491,N1,38,N1038-ACPL
2025-09-07 13:42:37.523,N1,39,N1039-9F3Y
2025-09-07 13:42:37.554,N1,40,N1040-GULX
2025-09-07 13:42:37.585,N1,41,N1041-5TQI
2025-09-07 13:42:37.617,N1,42,N1042-S37I
2025-09-07 13:42:37.648,N1,43,N1043-V3UH
2025-09-07 13:42:37.680,N1,44,N1044-56ZU
2025-09-07 13:42:37.711,N1,45,N1045-V90M
2025-09-07 13:42:37.743,N1,46,N1046-MN7B
2025-09-07 13:42:37.774,N1,47,N1047-FEF6
2025-09-07 13:42:37.805,N1,48,N1048-BCXT
2025-09-07 13:42:37.837,N1,49,N1049-G7PY
2025-09-07 13:42:37.868,N1,50,N1050-CLIP
2025-09-07 13:42:37.900,N1,51,N1051-22MX
2025-09-07 13:42:37.931,N1,52,N1052-AP31
2025-09-07 13:42:37.962,N1,53,N1053-5LCW
2025-09-07 13:42:37.994,N1,54,N1054-P2HE
2025-09-07 13:42:38.025,N1,55,N1055-A2PY
2025-09-07 13:42:38.057,N1,56,N1056-F58P
2025-09-07 13:42:38.088,N1,57,N1057-3S6Q
2025-09-07 13:42:38.120,N1,58,N1058-92RN
2025-09-07 13:42:38.151,N1,59,N1059-04QU
2025-09-07 13:42:38.183,N1,60,N1060-SJRX
2025-09-07 13:42:38.214,N1,61,N1061-WSCK
2025-09-07 13:42:38.245,N1,62,N1062-4ODY
2025-09-07 13:42:38.277,N1,63,N1063-HON1
2025-09-07 13:42:38.308,N1,64,N1064-RJUY
2025-09-07 13:42:38.340,N1,65,N1065-VAQO
2025-09-07 13:42:38.371,N1,66,N1066-266W
2025-09-07 13:42:38.403,N1,67,N1067-EFF4
2025-09-07 13:42:38.434,N1,68,N1068-C839
2025-09-07 13:42:38.465,N1,69,N1069-83PO
2025-09-07 13:42:38.496,N1,70,N1070-EYPJ
2025-09-07 13:42:38.528,N1,71,N1071-8NGM
2025-09-07 13:42:38.559,N1,72,N1072-EN7N
2025-09-07 13:42:38.590,N1,73,N1073-6KAF
2025-09-07 13:42:38.622,N1,74,N1074-L4O2
2025-09-07 13:42:38.653,N1,75,N1075-41TN
2025-09-07 13:42:38.685,N1,76,N1076-1042
2025-09-07 13:42:38.716,N1,77,N1077-6UYJ
2025-09-07 13:42:38.747,N1,78,N1078-BMHA
2025-09-07 13:42:38.779,N1,79,N1079-MH1A
2025-09-07 13:42:38.810,N1,80,N1080-RMO2
2025-09-07 13:42:38.841,N1,81,N1081-PJ6G
2025-09-07 13:42:38.872,N1,82,N1082-CP1D
2025-09-07 13:42:38.904,N1,83,N1083-7ERD
2025-09-07 13:42:38.935,N1,84,N1084-HGTB
2025-09-07 13:42:38.967,N1,85,N1085-DRV4
2025-09-07 13:42:38.998,N1,86,N1086-7PK7
2025-09-07 13:42:39.029,N1,87,N1087-V0FJ
2025-09-07 13:42:39.061,N1,88,N1088-NWSN
2025-09-07 13:42:39.092,N1,89,N1089-KG6W
2025-09-07 13:42:39.123,N1,90,N1090-LTXR
2025-09-07 13:42:39.154,N1,91,N1091-Q6V6
2025-09-07 13:42:39.186,N1,92,N1092-EFZY
2025-09-07 13:42:39.217,N1,93,N1093-3FS3
2025-09-07 13:42:39.249,N1,94,N1094-GHJ4
2025-09-07 13:42:39.280,N1,95,N1095-DVWJ
2025-09-07 13:42:39.311,N1,96,N1096-GZTR
2025-09-07 13:42:39.343,N1,97,N1097-X2H1
2025-09-07 13:42:39.374,N1,98,N1098-G6S4
2025-09-07 13:42:39.405,N1,99,N1099-M2RQ
