timestamp,node,frame_index,payload
2025-09-07 15:40:25.687,N1,0,N1000-1LYK
2025-09-07 15:40:25.749,N1,1,N1001-ERMC
2025-09-07 15:40:25.810,N1,2,N1002-WXTR
2025-09-07 15:40:25.872,N1,3,N1003-TMB0
2025-09-07 15:40:25.934,N1,4,N1004-AT2F
2025-09-07 15:40:25.995,N1,5,N1005-N0G6
2025-09-07 15:40:26.057,N1,6,N1006-TE42
2025-09-07 15:40:26.118,N1,7,N1007-XA3V
2025-09-07 15:40:26.180,N1,8,N1008-OM6N
2025-09-07 15:40:26.241,N1,9,N1009-6RTI
2025-09-07 15:40:26.303,N1,10,N1010-W98X
2025-09-07 15:40:26.365,N1,11,N1011-8RM7
2025-09-07 15:40:26.426,N1,12,N1012-ZKFR
2025-09-07 15:40:26.488,N1,13,N1013-GJGS
2025-09-07 15:40:26.549,N1,14,N1014-BCOT
2025-09-07 15:40:26.611,N1,15,N1015-3X9A
2025-09-07 15:40:26.672,N1,16,N1016-KSYZ
2025-09-07 15:40:26.733,N1,17,N1017-LATF
2025-09-07 15:40:26.795,N1,18,N1018-FK8W
2025-09-07 15:40:26.857,N1,19,N1019-QO7Y
2025-09-07 15:40:26.918,N1,20,N1020-P4J8
2025-09-07 15:40:26.979,N1,21,N1021-ZNCY
2025-09-07 15:40:27.040,N1,22,N1022-2JDB
2025-09-07 15:40:27.102,N1,23,N1023-ARZY
2025-09-07 15:40:27.163,N1,24,N1024-V981
2025-09-07 15:40:27.225,N1,25,N1025-W922
2025-09-07 15:40:27.286,N1,26,N1026-D51D
2025-09-07 15:40:27.347,N1,27,N1027-MP4L
2025-09-07 15:40:27.409,N1,28,N1028-TFED
2025-09-07 15:40:27.470,N1,29,N1029-F9PW
2025-09-07 15:40:27.532,N1,30,N1030-GFPF
2025-09-07 15:40:27.593,N1,31,N1031-CKMS
2025-09-07 15:40:27.655,N1,32,N1032-I955
2025-09-07 15:40:27.716,N1,33,N1033-1214
2025-09-07 15:40:27.777,N1,34,N1034-U00G
2025-09-07 15:40:27.839,N1,35,N1035-99CZ
2025-09-07 15:40:27.900,N1,36,N1036-SU1G
2025-09-07 15:40:27.962,N1,37,N1037-FIWB
2025-09-07 15:40:28.023,N1,38,N1038-XGFD
2025-09-07 15:40:28.084,N1,39,N1039-Y0H3
2025-09-07 15:40:28.146,N1,40,N1040-2OK0
2025-09-07 15:40:28.207,N1,41,N1041-X21T
2025-09-07 15:40:28.269,N1,42,N1042-AZS2
2025-09-07 15:40:28.330,N1,43,N1043-G7W2
2025-09-07 15:40:28.391,N1,44,N1044-F12P
2025-09-07 15:40:28.453,N1,45,N1045-0FWE
2025-09-07 15:40:28.514,N1,46,N1046-HAD3
2025-09-07 15:40:28.576,N1,47,N1047-BA35
2025-09-07 15:40:28.637,N1,48,N1048-ZK9B
2025-09-07 15:40:28.698,N1,49,N1049-X9G5
2025-09-07 15:40:28.760,N1,50,N1050-2HWZ
2025-09-07 15:40:28.821,N1,51,N1051-MLNL
2025-09-07 15:40:28.882,N1,52,N1052-BM1L
2025-09-07 15:40:28.944,N1,53,N1053-3YW7
2025-09-07 15:40:28.005,N1,54,N1054-TUE1
2025-09-07 15:40:29.067,N1,55,N1055-QIXN
2025-09-07 15:40:29.128,N1,56,N1056-33UD
2025-09-07 15:40:29.190,N1,57,N1057-S60I
2025-09-07 15:40:29.251,N1,58,N1058-2R4R
2025-09-07 15:40:29.312,N1,59,N1059-NWXA
2025-09-07 15:40:29.374,N1,60,N1060-UW28
2025-09-07 15:40:29.435,N1,61,N1061-99XW
2025-09-07 15:40:29.497,N1,62,N1062-RAQ2
2025-09-07 15:40:29.558,N1,63,N1063-5Q7G
2025-09-07 15:40:29.619,N1,64,N1064-QLN4
2025-09-07 15:40:29.681,N1,65,N1065-CG8Q
2025-09-07 15:40:29.742,N1,66,N1066-AIXI
2025-09-07 15:40:29.803,N1,67,N1067-U7MW
2025-09-07 15:40:29.865,N1,68,N1068-EE7F
2025-09-07 15:40:29.926,N1,69,N1069-U672
2025-09-07 15:40:29.988,N1,70,N1070-F69U
2025-09-07 15:40:30.049,N1,71,N1071-5D63
2025-09-07 15:40:30.110,N1,72,N1072-GUW8
2025-09-07 15:40:30.172,N1,73,N1073-1CYM
2025-09-07 15:40:30.233,N1,74,N1074-4ZX0
2025-09-07 15:40:30.295,N1,75,N1075-ZT4N
2025-09-07 15:40:30.356,N1,76,N1076-S1KS
2025-09-07 15:40:30.418,N1,77,N1077-W18P
2025-09-07 15:40:30.479,N1,78,N1078-0EGV
2025-09-07 15:40:30.540,N1,79,N1079-VR2C
2025-09-07 15:40:30.602,N1,80,N1080-CVM0
2025-09-07 15:40:30.663,N1,81,N1081-PK4K
2025-09-07 15:40:30.725,N1,82,N1082-YKF6
2025-09-07 15:40:30.786,N1,83,N1083-EROZ
2025-09-07 15:40:30.847,N1,84,N1084-KLXZ
2025-09-07 15:40:30.909,N1,85,N1085-B1H4
2025-09-07 15:40:30.971,N1,86,N1086-LDXO
2025-09-07 15:40:31.032,N1,87,N1087-XQJZ
2025-09-07 15:40:31.094,N1,88,N1088-GFHV
2025-09-07 15:40:31.155,N1,89,N1089-UOPD
2025-09-07 15:40:31.217,N1,90,N1090-LBZ7
2025-09-07 15:40:31.278,N1,91,N1091-YIKU
2025-09-07 15:40:31.340,N1,92,N1092-V1OO
2025-09-07 15:40:31.402,N1,93,N1093-LTT5
2025-09-07 15:40:31.463,N1,94,N1094-ODCA
2025-09-07 15:40:31.525,N1,95,N1095-APTO
2025-09-07 15:40:31.587,N1,96,N1096-YRA6
2025-09-07 15:40:31.648,N1,97,N1097-5NTN
2025-09-07 15:40:31.710,N1,98,N1098-76D4
2025-09-07 15:40:31.771,N1,99,N1099-R22R
