timestamp,node,frame_index,payload
2025-09-07 15:40:23.541,N8,0,N8000-BY4R
2025-09-07 15:40:23.602,N8,1,N8001-6M98
2025-09-07 15:40:23.663,N8,2,N8002-DJEN
2025-09-07 15:40:23.724,N8,3,N8003-OB3B
2025-09-07 15:40:23.785,N8,4,N8004-UG4Q
2025-09-07 15:40:23.846,N8,5,N8005-6137
2025-09-07 15:40:23.907,N8,6,N8006-EO7F
2025-09-07 15:40:23.968,N8,7,N8007-LP47
2025-09-07 15:40:24.029,N8,8,N8008-YA66
2025-09-07 15:40:24.090,N8,9,N8009-4A8V
2025-09-07 15:40:24.151,N8,10,N8010-NI4R
2025-09-07 15:40:24.212,N8,11,N8011-7CUY
2025-09-07 15:40:24.273,N8,12,N8012-5MC8
2025-09-07 15:40:24.334,N8,13,N8013-IJR9
2025-09-07 15:40:24.396,N8,14,N8014-I57B
2025-09-07 15:40:24.458,N8,15,N8015-GT2Z
2025-09-07 15:40:24.519,N8,16,N8016-5G2I
2025-09-07 15:40:24.581,N8,17,N8017-5ZV5
2025-09-07 15:40:24.642,N8,18,N8018-E8HP
2025-09-07 15:40:24.704,N8,19,N8019-KELX
2025-09-07 15:40:24.766,N8,20,N8020-5WE6
2025-09-07 15:40:24.827,N8,21,N8021-QMVZ
2025-09-07 15:40:24.889,N8,22,N8022-6WTI
2025-09-07 15:40:24.950,N8,23,N8023-65H8
2025-09-07 15:40:25.012,N8,24,N8024-OTGA
2025-09-07 15:40:25.073,N8,25,N8025-QOTM
2025-09-07 15:40:25.135,N8,26,N8026-KOXK
2025-09-07 15:40:25.196,N8,27,N8027-2LUW
2025-09-07 15:40:25.258,N8,28,N8028-KCJC
2025-09-07 15:40:25.319,N8,29,N8029-TMKJ
2025-09-07 15:40:25.381,N8,30,N8030-TO2W
2025-09-07 15:40:25.443,N8,31,N8031-4WUL
2025-09-07 15:40:25.504,N8,32,N8032-MVVG
2025-09-07 15:40:25.566,N8,33,N8033-WVCZ
2025-09-07 15:40:25.627,N8,34,N8034-QFIQ
2025-09-07 15:40:25.689,N8,35,N8035-CYUT
2025-09-07 15:40:25.750,N8,36,N8036-G4VL
2025-09-07 15:40:25.812,N8,37,N8037-CYD7
2025-09-07 15:40:25.874,N8,38,N8038-1SAO
2025-09-07 15:40:25.935,N8,39,N8039-SA57
2025-09-07 15:40:25.997,N8,40,N8040-5W7X
2025-09-07 15:40:26.058,N8,41,N8041-9PYX
2025-09-07 15:40:26.120,N8,42,N8042-6TP3
2025-09-07 15:40:26.181,N8,43,N8043-G1LM
2025-09-07 15:40:26.243,N8,44,N8044-IY5N
2025-09-07 15:40:26.304,N8,45,N8045-SPK2
2025-09-07 15:40:26.366,N8,46,N8046-3AXD
2025-09-07 15:40:26.428,N8,47,N8047-PXZV
2025-09-07 15:40:26.489,N8,48,N8048-M64E
2025-09-07 15:40:26.551,N8,49,N8049-U4ZJ
2025-09-07 15:40:26.612,N8,50,N8050-Y33P
2025-09-07 15:40:26.674,N8,51,N8051-BAXN
2025-09-07 15:40:26.735,N8,52,N8052-L1EE
2025-09-07 15:40:26.797,N8,53,N8053-3BZ9
2025-09-07 15:40:26.858,N8,54,N8054-H5HO
2025-09-07 15:40:26.920,N8,55,N8055-H44L
2025-09-07 15:40:26.982,N8,56,N8056-OE3U
2025-09-07 15:40:27.043,N8,57,N8057-8F5X
2025-09-07 15:40:27.105,N8,58,N8058-5721
2025-09-07 15:40:27.166,N8,59,N8059-TVBZ
2025-09-07 15:40:27.228,N8,60,N8060-DEU2
2025-09-07 15:40:27.289,N8,61,N8061-C2JS
2025-09-07 15:40:27.351,N8,62,N8062-WZJS
2025-09-07 15:40:27.412,N8,63,N8063-03RR
2025-09-07 15:40:27.474,N8,64,N8064-6YOX
2025-09-07 15:40:27.536,N8,65,N8065-M1S8
2025-09-07 15:40:27.597,N8,66,N8066-JBEE
2025-09-07 15:40:27.659,N8,67,N8067-9SKJ
2025-09-07 15:40:27.720,N8,68,N8068-I61V
2025-09-07 15:40:27.782,N8,69,N8069-T6D6
2025-09-07 15:40:27.844,N8,70,N8070-E6N3
2025-09-07 15:40:27.905,N8,71,N8071-J2OE
2025-09-07 15:40:27.967,N8,72,N8072-AEQ1
2025-09-07 15:40:28.028,N8,73,N8073-QTA8
2025-09-07 15:40:28.090,N8,74,N8074-IYSF
2025-09-07 15:40:28.152,N8,75,N8075-KLBF
2025-09-07 15:40:28.213,N8,76,N8076-XOUG
2025-09-07 15:40:28.275,N8,77,N8077-AAL3
2025-09-07 15:40:28.337,N8,78,N8078-7J1K
2025-09-07 15:40:28.399,N8,79,N8079-BORX
2025-09-07 15:40:28.460,N8,80,N8080-BWWC
2025-09-07 15:40:28.522,N8,81,N8081-NYVM
2025-09-07 15:40:28.583,N8,82,N8082-MHNK
2025-09-07 15:40:28.645,N8,83,N8083-IPR9
2025-09-07 15:40:28.707,N8,84,N8084-TX0B
2025-09-07 15:40:28.768,N8,85,N8085-O2M0
2025-09-07 15:40:28.830,N8,86,N8086-CJWM
2025-09-07 15:40:28.891,N8,87,N8087-5D8T
2025-09-07 15:40:28.953,N8,88,N8088-DC0E
2025-09-07 15:40:29.015,N8,89,N8089-AO7U
2025-09-07 15:40:29.076,N8,90,N8090-FNRZ
2025-09-07 15:40:29.138,N8,91,N8091-15NO
2025-09-07 15:40:29.200,N8,92,N8092-CUOC
2025-09-07 15:40:29.261,N8,93,N8093-04QU
2025-09-07 15:40:29.323,N8,94,N8094-D08B
2025-09-07 15:40:29.385,N8,95,N8095-GTIZ
2025-09-07 15:40:29.446,N8,96,N8096-IXFD
2025-09-07 15:40:29.508,N8,97,N8097-YBGI
2025-09-07 15:40:29.570,N8,98,N8098-4UKG
2025-09-07 15:40:29.631,N8,99,N8099-T15I
