timestamp,node,frame_index,payload
2025-09-07 15:40:23.551,N5,0,N5000-WDU0
2025-09-07 15:40:23.612,N5,1,N5001-UG4N
2025-09-07 15:40:23.673,N5,2,N5002-FVK9
2025-09-07 15:40:23.734,N5,3,N5003-DASP
2025-09-07 15:40:23.795,N5,4,N5004-EX3C
2025-09-07 15:40:23.856,N5,5,N5005-XE19
2025-09-07 15:40:23.917,N5,6,N5006-LSEZ
2025-09-07 15:40:23.978,N5,7,N5007-HE6V
2025-09-07 15:40:24.039,N5,8,N5008-IG8G
2025-09-07 15:40:24.100,N5,9,N5009-Q669
2025-09-07 15:40:24.161,N5,10,N5010-127N
2025-09-07 15:40:24.222,N5,11,N5011-2GKR
2025-09-07 15:40:24.282,N5,12,N5012-EE9G
2025-09-07 15:40:24.344,N5,13,N5013-SBA5
2025-09-07 15:40:24.406,N5,14,N5014-9U3A
2025-09-07 15:40:24.467,N5,15,N5015-W20K
2025-09-07 15:40:24.529,N5,16,N5016-5ANX
2025-09-07 15:40:24.590,N5,17,N5017-K754
2025-09-07 15:40:24.652,N5,18,N5018-1155
2025-09-07 15:40:24.713,N5,19,N5019-8L5M
2025-09-07 15:40:24.775,N5,20,N5020-G4L7
2025-09-07 15:40:24.836,N5,21,N5021-BBSA
2025-09-07 15:40:24.898,N5,22,N5022-I741
2025-09-07 15:40:24.959,N5,23,N5023-XKNK
2025-09-07 15:40:25.021,N5,24,N5024-C28P
2025-09-07 15:40:25.082,N5,25,N5025-A7UP
2025-09-07 15:40:25.144,N5,26,N5026-AK6L
2025-09-07 15:40:25.205,N5,27,N5027-CM1N
2025-09-07 15:40:25.267,N5,28,N5028-V5FP
2025-09-07 15:40:25.328,N5,29,N5029-IF4G
2025-09-07 15:40:25.390,N5,30,N5030-9UH9
2025-09-07 15:40:25.451,N5,31,N5031-BJTW
2025-09-07 15:40:25.513,N5,32,N5032-2WJY
2025-09-07 15:40:25.574,N5,33,N5033-0PFS
2025-09-07 15:40:25.636,N5,34,N5034-HMSD
2025-09-07 15:40:25.698,N5,35,N5035-7DLH
2025-09-07 15:40:25.759,N5,36,N5036-M0ZE
2025-09-07 15:40:25.821,N5,37,N5037-X5GU
2025-09-07 15:40:25.882,N5,38,N5038-RVEP
2025-09-07 15:40:25.944,N5,39,N5039-M0J2
2025-09-07 15:40:25.005,N5,40,N5040-1826
2025-09-07 15:40:26.067,N5,41,N5041-7NDW
2025-09-07 15:40:26.128,N5,42,N5042-70CO
2025-09-07 15:40:26.190,N5,43,N5043-1Z0Q
2025-09-07 15:40:26.251,N5,44,N5044-8DZB
2025-09-07 15:40:26.313,N5,45,N5045-CREH
2025-09-07 15:40:26.374,N5,46,N5046-E8H9
2025-09-07 15:40:26.436,N5,47,N5047-MLY5
2025-09-07 15:40:26.497,N5,48,N5048-MNLF
2025-09-07 15:40:26.559,N5,49,N5049-L18R
2025-09-07 15:40:26.620,N5,50,N5050-2USZ
2025-09-07 15:40:26.682,N5,51,N5051-3Z7N
2025-09-07 15:40:26.743,N5,52,N5052-H8U4
2025-09-07 15:40:26.805,N5,53,N5053-GHGK
2025-09-07 15:40:26.866,N5,54,N5054-7FLX
2025-09-07 15:40:26.928,N5,55,N5055-AEHA
2025-09-07 15:40:26.989,N5,56,N5056-O67J
2025-09-07 15:40:27.051,N5,57,N5057-9V2H
2025-09-07 15:40:27.113,N5,58,N5058-Z9C5
2025-09-07 15:40:27.174,N5,59,N5059-ZNJP
2025-09-07 15:40:27.236,N5,60,N5060-VWH3
2025-09-07 15:40:27.297,N5,61,N5061-PTJU
2025-09-07 15:40:27.359,N5,62,N5062-4HWV
2025-09-07 15:40:27.420,N5,63,N5063-5F2Y
2025-09-07 15:40:27.482,N5,64,N5064-O8O4
2025-09-07 15:40:27.544,N5,65,N5065-UNNU
2025-09-07 15:40:27.605,N5,66,N5066-1Y5V
2025-09-07 15:40:27.667,N5,67,N5067-0PBP
2025-09-07 15:40:27.728,N5,68,N5068-5830
2025-09-07 15:40:27.790,N5,69,N5069-Y43Z
2025-09-07 15:40:27.851,N5,70,N5070-RA8Q
2025-09-07 15:40:27.913,N5,71,N5071-8L6A
2025-09-07 15:40:27.975,N5,72,N5072-IH6L
2025-09-07 15:40:28.036,N5,73,N5073-27D3
2025-09-07 15:40:28.098,N5,74,N5074-NB23
2025-09-07 15:40:28.160,N5,75,N5075-ELSR
2025-09-07 15:40:28.222,N5,76,N5076-ZF4P
2025-09-07 15:40:28.283,N5,77,N5077-2FJQ
2025-09-07 15:40:28.345,N5,78,N5078-XI73
2025-09-07 15:40:28.407,N5,79,N5079-U0M3
2025-09-07 15:40:28.469,N5,80,N5080-DQ10
2025-09-07 15:40:28.530,N5,81,N5081-OIUB
2025-09-07 15:40:28.592,N5,82,N5082-G1ZD
2025-09-07 15:40:28.654,N5,83,N5083-5FEM
2025-09-07 15:40:28.716,N5,84,N5084-IY6M
2025-09-07 15:40:28.777,N5,85,N5085-I012
2025-09-07 15:40:28.839,N5,86,N5086-RUYS
2025-09-07 15:40:28.900,N5,87,N5087-YIUU
2025-09-07 15:40:28.962,N5,88,N5088-UB0F
2025-09-07 15:40:29.024,N5,89,N5089-7K81
2025-09-07 15:40:29.085,N5,90,N5090-SQ87
2025-09-07 15:40:29.147,N5,91,N5091-QTPR
2025-09-07 15:40:29.209,N5,92,N5092-9919
2025-09-07 15:40:29.270,N5,93,N5093-ZER8
2025-09-07 15:40:29.332,N5,94,N5094-1WBH
2025-09-07 15:40:29.394,N5,95,N5095-AR0L
2025-09-07 15:40:29.455,N5,96,N5096-LU5A
2025-09-07 15:40:29.517,N5,97,N5097-Z1EZ
2025-09-07 15:40:29.578,N5,98,N5098-0LWY
2025-09-07 15:40:29.640,N5,99,N5099-OICP
