timestamp,node,frame_index,payload
2025-07-14 15:28:42.938,N4,0,N4000-E390
2025-07-14 15:28:42.944,N4,1,N4001-DSRS
2025-07-14 15:28:42.950,N4,2,N4002-UUXO
2025-07-14 15:28:42.955,N4,3,N4003-JXD5
2025-07-14 15:28:42.961,N4,4,N4004-2WIM
2025-07-14 15:28:42.967,N4,5,N4005-8UOZ
2025-07-14 15:28:42.973,N4,6,N4006-URF5
2025-07-14 15:28:42.979,N4,7,N4007-G6BB
2025-07-14 15:28:42.984,N4,8,N4008-ZHAT
2025-07-14 15:28:42.990,N4,9,N4009-IXV2
2025-07-14 15:28:42.996,N4,10,N4010-42SE
2025-07-14 15:28:42.001,N4,11,N4011-VHLC
2025-07-14 15:28:43.007,N4,12,N4012-NQE8
2025-07-14 15:28:43.013,N4,13,N4013-QMG4
2025-07-14 15:28:43.018,N4,14,N4014-TP2K
2025-07-14 15:28:43.024,N4,15,N4015-R45L
2025-07-14 15:28:43.029,N4,16,N4016-69NH
2025-07-14 15:28:43.035,N4,17,N4017-0P96
2025-07-14 15:28:43.040,N4,18,N4018-8ZPK
2025-07-14 15:28:43.045,N4,19,N4019-X94V
2025-07-14 15:28:43.051,N4,20,N4020-OYCR
2025-07-14 15:28:43.057,N4,21,N4021-TT2S
2025-07-14 15:28:43.062,N4,22,N4022-3LAT
2025-07-14 15:28:43.067,N4,23,N4023-7DLO
2025-07-14 15:28:43.073,N4,24,N4024-RHUW
2025-07-14 15:28:43.078,N4,25,N4025-UCCG
2025-07-14 15:28:43.084,N4,26,N4026-Y3SI
2025-07-14 15:28:43.089,N4,27,N4027-N373
2025-07-14 15:28:43.095,N4,28,N4028-5XTG
2025-07-14 15:28:43.100,N4,29,N4029-UD02
2025-07-14 15:28:43.105,N4,30,N4030-JQIS
2025-07-14 15:28:43.111,N4,31,N4031-TZSS
2025-07-14 15:28:43.116,N4,32,N4032-HGDE
2025-07-14 15:28:43.122,N4,33,N4033-8S9Y
2025-07-14 15:28:43.127,N4,34,N4034-QADF
2025-07-14 15:28:43.133,N4,35,N4035-DG36
2025-07-14 15:28:43.138,N4,36,N4036-YM4R
2025-07-14 15:28:43.143,N4,37,N4037-UP62
2025-07-14 15:28:43.149,N4,38,N4038-V22H
2025-07-14 15:28:43.154,N4,39,N4039-RLUR
2025-07-14 15:28:43.160,N4,40,N4040-JMTX
2025-07-14 15:28:43.165,N4,41,N4041-T8XD
2025-07-14 15:28:43.171,N4,42,N4042-F676
2025-07-14 15:28:43.177,N4,43,N4043-BJZU
2025-07-14 15:28:43.182,N4,44,N4044-PJ0S
2025-07-14 15:28:43.188,N4,45,N4045-WGMO
2025-07-14 15:28:43.194,N4,46,N4046-BLT3
2025-07-14 15:28:43.200,N4,47,N4047-PK8O
2025-07-14 15:28:43.205,N4,48,N4048-KT6K
2025-07-14 15:28:43.211,N4,49,N4049-8H6T
2025-07-14 15:28:43.216,N4,50,N4050-PYL4
2025-07-14 15:28:43.222,N4,51,N4051-8ABW
2025-07-14 15:28:43.227,N4,52,N4052-VGNZ
2025-07-14 15:28:43.233,N4,53,N4053-MF83
2025-07-14 15:28:43.238,N4,54,N4054-O0SW
2025-07-14 15:28:43.244,N4,55,N4055-YR9L
2025-07-14 15:28:43.249,N4,56,N4056-JJR6
2025-07-14 15:28:43.255,N4,57,N4057-VIUV
2025-07-14 15:28:43.260,N4,58,N4058-PLU1
2025-07-14 15:28:43.265,N4,59,N4059-FSS4
2025-07-14 15:28:43.271,N4,60,N4060-RX73
2025-07-14 15:28:43.276,N4,61,N4061-S2PX
2025-07-14 15:28:43.282,N4,62,N4062-BT69
2025-07-14 15:28:43.287,N4,63,N4063-M4J1
2025-07-14 15:28:43.292,N4,64,N4064-6EPF
2025-07-14 15:28:43.298,N4,65,N4065-KC44
2025-07-14 15:28:43.303,N4,66,N4066-V4A0
2025-07-14 15:28:43.309,N4,67,N4067-357J
2025-07-14 15:28:43.314,N4,68,N4068-EPDL
2025-07-14 15:28:43.320,N4,69,N4069-91U9
2025-07-14 15:28:43.325,N4,70,N4070-HADT
2025-07-14 15:28:43.331,N4,71,N4071-11PN
2025-07-14 15:28:43.337,N4,72,N4072-UJ5Y
2025-07-14 15:28:43.342,N4,73,N4073-4BRM
2025-07-14 15:28:43.348,N4,74,N4074-QAPI
2025-07-14 15:28:43.353,N4,75,N4075-42AU
2025-07-14 15:28:43.359,N4,76,N4076-A8YV
2025-07-14 15:28:43.365,N4,77,N4077-K3RK
2025-07-14 15:28:43.370,N4,78,N4078-VL4E
2025-07-14 15:28:43.376,N4,79,N4079-0U2I
2025-07-14 15:28:43.381,N4,80,N4080-2PFQ
2025-07-14 15:28:43.386,N4,81,N4081-94E9
2025-07-14 15:28:43.392,N4,82,N4082-ZHCL
2025-07-14 15:28:43.397,N4,83,N4083-H1R3
2025-07-14 15:28:43.402,N4,84,N4084-FTOU
2025-07-14 15:28:43.408,N4,85,N4085-1LMX
2025-07-14 15:28:43.413,N4,86,N4086-BCD5
2025-07-14 15:28:43.418,N4,87,N4087-0AH5
2025-07-14 15:28:43.424,N4,88,N4088-CN4X
2025-07-14 15:28:43.429,N4,89,N4089-LLW0
2025-07-14 15:28:43.434,N4,90,N4090-WPKJ
2025-07-14 15:28:43.440,N4,91,N4091-DS7S
2025-07-14 15:28:43.445,N4,92,N4092-GFMU
2025-07-14 15:28:43.450,N4,93,N4093-R9AK
2025-07-14 15:28:43.456,N4,94,N4094-9KZ3
2025-07-14 15:28:43.461,N4,95,N4095-ZHCH
2025-07-14 15:28:43.467,N4,96,N4096-VOR7
2025-07-14 15:28:43.472,N4,97,N4097-C39W
2025-07-14 15:28:43.477,N4,98,N4098-RP3T
2025-07-14 15:28:43.483,N4,99,N4099-IXZH
