timestamp,node,frame_index,payload
2025-07-14 15:28:42.958,N5,0,N5000-P0BV
2025-07-14 15:28:42.964,N5,1,N5001-2ZOQ
2025-07-14 15:28:42.971,N5,2,N5002-5O9S
2025-07-14 15:28:42.977,N5,3,N5003-XNRQ
2025-07-14 15:28:42.984,N5,4,N5004-1TDY
2025-07-14 15:28:42.990,N5,5,N5005-IQRF
2025-07-14 15:28:42.996,N5,6,N5006-TCVK
2025-07-14 15:28:42.003,N5,7,N5007-URLH
2025-07-14 15:28:42.009,N5,8,N5008-VSXX
2025-07-14 15:28:42.015,N5,9,N5009-C79M
2025-07-14 15:28:43.021,N5,10,N5010-8800
2025-07-14 15:28:43.028,N5,11,N5011-SDT7
2025-07-14 15:28:43.034,N5,12,N5012-GEOL
2025-07-14 15:28:43.040,N5,13,N5013-UXF0
2025-07-14 15:28:43.046,N5,14,N5014-WNQ9
2025-07-14 15:28:43.053,N5,15,N5015-HM1R
2025-07-14 15:28:43.059,N5,16,N5016-20XD
2025-07-14 15:28:43.065,N5,17,N5017-5CZV
2025-07-14 15:28:43.071,N5,18,N5018-AI1Z
2025-07-14 15:28:43.077,N5,19,N5019-59HT
2025-07-14 15:28:43.084,N5,20,N5020-ROEU
2025-07-14 15:28:43.090,N5,21,N5021-84CE
2025-07-14 15:28:43.096,N5,22,N5022-N6TA
2025-07-14 15:28:43.102,N5,23,N5023-B8J0
2025-07-14 15:28:43.108,N5,24,N5024-WRXU
2025-07-14 15:28:43.114,N5,25,N5025-UJZI
2025-07-14 15:28:43.120,N5,26,N5026-F23O
2025-07-14 15:28:43.127,N5,27,N5027-GPNZ
2025-07-14 15:28:43.133,N5,28,N5028-GZUO
2025-07-14 15:28:43.139,N5,29,N5029-Y88X
2025-07-14 15:28:43.145,N5,30,N5030-51HR
2025-07-14 15:28:43.151,N5,31,N5031-7H7C
2025-07-14 15:28:43.157,N5,32,N5032-QD34
2025-07-14 15:28:43.163,N5,33,N5033-9ETB
2025-07-14 15:28:43.169,N5,34,N5034-CN5F
2025-07-14 15:28:43.175,N5,35,N5035-OLSU
2025-07-14 15:28:43.182,N5,36,N5036-IY6H
2025-07-14 15:28:43.188,N5,37,N5037-WGAA
2025-07-14 15:28:43.194,N5,38,N5038-UFF0
2025-07-14 15:28:43.200,N5,39,N5039-1TF7
2025-07-14 15:28:43.206,N5,40,N5040-9TXQ
2025-07-14 15:28:43.212,N5,41,N5041-LEHJ
2025-07-14 15:28:43.218,N5,42,N5042-OAZL
2025-07-14 15:28:43.224,N5,43,N5043-GIID
2025-07-14 15:28:43.230,N5,44,N5044-F86W
2025-07-14 15:28:43.236,N5,45,N5045-KVGR
2025-07-14 15:28:43.242,N5,46,N5046-UTLI
2025-07-14 15:28:43.249,N5,47,N5047-XNWV
2025-07-14 15:28:43.255,N5,48,N5048-UQVM
2025-07-14 15:28:43.261,N5,49,N5049-UCIM
2025-07-14 15:28:43.267,N5,50,N5050-TKN2
2025-07-14 15:28:43.273,N5,51,N5051-BGLH
2025-07-14 15:28:43.279,N5,52,N5052-ILEY
2025-07-14 15:28:43.285,N5,53,N5053-TRBQ
2025-07-14 15:28:43.291,N5,54,N5054-XNRO
2025-07-14 15:28:43.297,N5,55,N5055-QQ7L
2025-07-14 15:28:43.304,N5,56,N5056-AWPK
2025-07-14 15:28:43.310,N5,57,N5057-VZUK
2025-07-14 15:28:43.316,N5,58,N5058-CSBW
2025-07-14 15:28:43.322,N5,59,N5059-ISAK
2025-07-14 15:28:43.328,N5,60,N5060-ACKZ
2025-07-14 15:28:43.334,N5,61,N5061-J1HE
2025-07-14 15:28:43.340,N5,62,N5062-C4C9
2025-07-14 15:28:43.346,N5,63,N5063-KSO7
2025-07-14 15:28:43.352,N5,64,N5064-M5NA
2025-07-14 15:28:43.358,N5,65,N5065-QSZ9
2025-07-14 15:28:43.364,N5,66,N5066-IQ71
2025-07-14 15:28:43.371,N5,67,N5067-S7WS
2025-07-14 15:28:43.377,N5,68,N5068-T8Z0
2025-07-14 15:28:43.383,N5,69,N5069-KPTT
2025-07-14 15:28:43.389,N5,70,N5070-SHIS
2025-07-14 15:28:43.395,N5,71,N5071-OJPH
2025-07-14 15:28:43.401,N5,72,N5072-FLKA
2025-07-14 15:28:43.407,N5,73,N5073-30SZ
2025-07-14 15:28:43.413,N5,74,N5074-0U1V
2025-07-14 15:28:43.419,N5,75,N5075-P0T6
2025-07-14 15:28:43.425,N5,76,N5076-JDRE
2025-07-14 15:28:43.432,N5,77,N5077-0XO2
2025-07-14 15:28:43.438,N5,78,N5078-5S22
2025-07-14 15:28:43.444,N5,79,N5079-KXDJ
2025-07-14 15:28:43.450,N5,80,N5080-BHJT
2025-07-14 15:28:43.456,N5,81,N5081-3NVL
2025-07-14 15:28:43.462,N5,82,N5082-A6HD
2025-07-14 15:28:43.468,N5,83,N5083-1QZM
2025-07-14 15:28:43.474,N5,84,N5084-38RS
2025-07-14 15:28:43.480,N5,85,N5085-DE1J
2025-07-14 15:28:43.486,N5,86,N5086-SIWP
2025-07-14 15:28:43.492,N5,87,N5087-FLAJ
2025-07-14 15:28:43.498,N5,88,N5088-PS4I
2025-07-14 15:28:43.505,N5,89,N5089-5P14
2025-07-14 15:28:43.511,N5,90,N5090-N6LS
2025-07-14 15:28:43.517,N5,91,N5091-LRXR
2025-07-14 15:28:43.523,N5,92,N5092-HXM6
2025-07-14 15:28:43.529,N5,93,N5093-Z8WQ
2025-07-14 15:28:43.535,N5,94,N5094-UYIP
2025-07-14 15:28:43.541,N5,95,N5095-N6SF
2025-07-14 15:28:43.547,N5,96,N5096-XS9U
2025-07-14 15:28:43.553,N5,97,N5097-9R5D
2025-07-14 15:28:43.559,N5,98,N5098-JUAI
2025-07-14 15:28:43.566,N5,99,N5099-2BG6
