timestamp,node,frame_index,payload
2025-07-14 15:28:42.951,N7,0,N7000-08S4
2025-07-14 15:28:42.957,N7,1,N7001-29R4
2025-07-14 15:28:42.964,N7,2,N7002-KBZR
2025-07-14 15:28:42.970,N7,3,N7003-WK4X
2025-07-14 15:28:42.978,N7,4,N7004-731L
2025-07-14 15:28:42.987,N7,5,N7005-BJ8Y
2025-07-14 15:28:42.993,N7,6,N7006-YFVI
2025-07-14 15:28:42.999,N7,7,N7007-9VY2
2025-07-14 15:28:42.006,N7,8,N7008-XJ6T
2025-07-14 15:28:42.012,N7,9,N7009-MRWL
2025-07-14 15:28:43.018,N7,10,N7010-C2N1
2025-07-14 15:28:43.025,N7,11,N7011-M6ZP
2025-07-14 15:28:43.031,N7,12,N7012-0RJL
2025-07-14 15:28:43.037,N7,13,N7013-DPQ6
2025-07-14 15:28:43.044,N7,14,N7014-794R
2025-07-14 15:28:43.050,N7,15,N7015-DDNH
2025-07-14 15:28:43.056,N7,16,N7016-QQ9O
2025-07-14 15:28:43.062,N7,17,N7017-8F02
2025-07-14 15:28:43.069,N7,18,N7018-HGOY
2025-07-14 15:28:43.075,N7,19,N7019-IJFB
2025-07-14 15:28:43.081,N7,20,N7020-EK49
2025-07-14 15:28:43.088,N7,21,N7021-0UOQ
2025-07-14 15:28:43.094,N7,22,N7022-RN2G
2025-07-14 15:28:43.100,N7,23,N7023-PLV5
2025-07-14 15:28:43.106,N7,24,N7024-JNNP
2025-07-14 15:28:43.113,N7,25,N7025-B34J
2025-07-14 15:28:43.119,N7,26,N7026-32T1
2025-07-14 15:28:43.125,N7,27,N7027-989U
2025-07-14 15:28:43.132,N7,28,N7028-UQH6
2025-07-14 15:28:43.138,N7,29,N7029-PXP4
2025-07-14 15:28:43.144,N7,30,N7030-YHUV
2025-07-14 15:28:43.151,N7,31,N7031-G633
2025-07-14 15:28:43.157,N7,32,N7032-9TP2
2025-07-14 15:28:43.163,N7,33,N7033-PNGH
2025-07-14 15:28:43.169,N7,34,N7034-U6EZ
2025-07-14 15:28:43.176,N7,35,N7035-9E2M
2025-07-14 15:28:43.182,N7,36,N7036-K6LQ
2025-07-14 15:28:43.188,N7,37,N7037-5VDD
2025-07-14 15:28:43.195,N7,38,N7038-H02H
2025-07-14 15:28:43.201,N7,39,N7039-KXZE
2025-07-14 15:28:43.207,N7,40,N7040-3Y90
2025-07-14 15:28:43.214,N7,41,N7041-BAEJ
2025-07-14 15:28:43.220,N7,42,N7042-KPBO
2025-07-14 15:28:43.226,N7,43,N7043-WTBZ
2025-07-14 15:28:43.233,N7,44,N7044-WWYT
2025-07-14 15:28:43.239,N7,45,N7045-JCMP
2025-07-14 15:28:43.245,N7,46,N7046-T0OX
2025-07-14 15:28:43.251,N7,47,N7047-D4PY
2025-07-14 15:28:43.258,N7,48,N7048-2JSZ
2025-07-14 15:28:43.264,N7,49,N7049-5UDW
2025-07-14 15:28:43.270,N7,50,N7050-R5CK
2025-07-14 15:28:43.277,N7,51,N7051-CNA2
2025-07-14 15:28:43.283,N7,52,N7052-ROFO
2025-07-14 15:28:43.289,N7,53,N7053-GTWT
2025-07-14 15:28:43.296,N7,54,N7054-2V7U
2025-07-14 15:28:43.302,N7,55,N7055-N2X2
2025-07-14 15:28:43.308,N7,56,N7056-CXCA
2025-07-14 15:28:43.314,N7,57,N7057-7K96
2025-07-14 15:28:43.321,N7,58,N7058-7TCU
2025-07-14 15:28:43.327,N7,59,N7059-VT4J
2025-07-14 15:28:43.333,N7,60,N7060-KWDF
2025-07-14 15:28:43.340,N7,61,N7061-J39D
2025-07-14 15:28:43.346,N7,62,N7062-WLIU
2025-07-14 15:28:43.352,N7,63,N7063-W0Q6
2025-07-14 15:28:43.359,N7,64,N7064-NSWJ
2025-07-14 15:28:43.365,N7,65,N7065-C66J
2025-07-14 15:28:43.371,N7,66,N7066-T1MZ
2025-07-14 15:28:43.377,N7,67,N7067-0RBG
2025-07-14 15:28:43.384,N7,68,N7068-2EIT
2025-07-14 15:28:43.390,N7,69,N7069-5B55
2025-07-14 15:28:43.396,N7,70,N7070-QLCM
2025-07-14 15:28:43.403,N7,71,N7071-1VK3
2025-07-14 15:28:43.409,N7,72,N7072-Y1ES
2025-07-14 15:28:43.415,N7,73,N7073-R2X0
2025-07-14 15:28:43.422,N7,74,N7074-6FDD
2025-07-14 15:28:43.428,N7,75,N7075-KIVZ
2025-07-14 15:28:43.434,N7,76,N7076-D9GI
2025-07-14 15:28:43.440,N7,77,N7077-0LTG
2025-07-14 15:28:43.447,N7,78,N7078-34OV
2025-07-14 15:28:43.453,N7,79,N7079-537M
2025-07-14 15:28:43.459,N7,80,N7080-O4N1
2025-07-14 15:28:43.466,N7,81,N7081-YN8V
2025-07-14 15:28:43.472,N7,82,N7082-A72V
2025-07-14 15:28:43.478,N7,83,N7083-NR4X
2025-07-14 15:28:43.485,N7,84,N7084-FKB1
2025-07-14 15:28:43.491,N7,85,N7085-L3VT
2025-07-14 15:28:43.497,N7,86,N7086-JJQ4
2025-07-14 15:28:43.504,N7,87,N7087-ERBA
2025-07-14 15:28:43.510,N7,88,N7088-6VCF
2025-07-14 15:28:43.516,N7,89,N7089-EY7H
2025-07-14 15:28:43.522,N7,90,N7090-FJ8B
2025-07-14 15:28:43.529,N7,91,N7091-0V0O
2025-07-14 15:28:43.535,N7,92,N7092-FTU8
2025-07-14 15:28:43.541,N7,93,N7093-IADR
2025-07-14 15:28:43.548,N7,94,N7094-WJHE
2025-07-14 15:28:43.554,N7,95,N7095-XZJ0
2025-07-14 15:28:43.560,N7,96,N7096-NDHS
2025-07-14 15:28:43.567,N7,97,N7097-PFBC
2025-07-14 15:28:43.573,N7,98,N7098-74U1
2025-07-14 15:28:43.579,N7,99,N7099-9NT6
