timestamp,node,frame_index,payload
2025-07-14 15:28:42.957,N8,0,N8000-C6U0
2025-07-14 15:28:42.962,N8,1,N8001-AODN
2025-07-14 15:28:42.967,N8,2,N8002-GQTJ
2025-07-14 15:28:42.973,N8,3,N8003-UULW
2025-07-14 15:28:42.978,N8,4,N8004-DAKT
2025-07-14 15:28:42.983,N8,5,N8005-ALCS
2025-07-14 15:28:42.989,N8,6,N8006-2G38
2025-07-14 15:28:42.994,N8,7,N8007-6V05
2025-07-14 15:28:42.999,N8,8,N8008-6OR3
2025-07-14 15:28:43.005,N8,9,N8009-NQOL
2025-07-14 15:28:43.010,N8,10,N8010-4RMI
2025-07-14 15:28:43.015,N8,11,N8011-SAC6
2025-07-14 15:28:43.021,N8,12,N8012-UVWF
2025-07-14 15:28:43.026,N8,13,N8013-FU87
2025-07-14 15:28:43.031,N8,14,N8014-COV3
2025-07-14 15:28:43.037,N8,15,N8015-Z4JJ
2025-07-14 15:28:43.042,N8,16,N8016-U3D9
2025-07-14 15:28:43.047,N8,17,N8017-4T2R
2025-07-14 15:28:43.053,N8,18,N8018-C87K
2025-07-14 15:28:43.058,N8,19,N8019-BITN
2025-07-14 15:28:43.063,N8,20,N8020-R7EA
2025-07-14 15:28:43.069,N8,21,N8021-3R77
2025-07-14 15:28:43.074,N8,22,N8022-IEW7
2025-07-14 15:28:43.079,N8,23,N8023-WQ9M
2025-07-14 15:28:43.085,N8,24,N8024-NLT8
2025-07-14 15:28:43.090,N8,25,N8025-5YN3
2025-07-14 15:28:43.095,N8,26,N8026-AS0E
2025-07-14 15:28:43.101,N8,27,N8027-AAJF
2025-07-14 15:28:43.106,N8,28,N8028-CYVM
2025-07-14 15:28:43.111,N8,29,N8029-FQXO
2025-07-14 15:28:43.116,N8,30,N8030-O9J9
2025-07-14 15:28:43.121,N8,31,N8031-RSW6
2025-07-14 15:28:43.127,N8,32,N8032-2J7I
2025-07-14 15:28:43.132,N8,33,N8033-O6OK
2025-07-14 15:28:43.137,N8,34,N8034-X8IW
2025-07-14 15:28:43.142,N8,35,N8035-YNOV
2025-07-14 15:28:43.147,N8,36,N8036-3Z2J
2025-07-14 15:28:43.152,N8,37,N8037-X9MN
2025-07-14 15:28:43.158,N8,38,N8038-4CP4
2025-07-14 15:28:43.163,N8,39,N8039-GV5F
2025-07-14 15:28:43.168,N8,40,N8040-SB78
2025-07-14 15:28:43.173,N8,41,N8041-VTD3
2025-07-14 15:28:43.178,N8,42,N8042-UD97
2025-07-14 15:28:43.184,N8,43,N8043-84HO
2025-07-14 15:28:43.189,N8,44,N8044-S7RE
2025-07-14 15:28:43.194,N8,45,N8045-A3F5
2025-07-14 15:28:43.199,N8,46,N8046-EED3
2025-07-14 15:28:43.204,N8,47,N8047-8BXV
2025-07-14 15:28:43.210,N8,48,N8048-WCQF
2025-07-14 15:28:43.215,N8,49,N8049-VDXM
2025-07-14 15:28:43.220,N8,50,N8050-MDBS
2025-07-14 15:28:43.225,N8,51,N8051-2YB9
2025-07-14 15:28:43.230,N8,52,N8052-B7IH
2025-07-14 15:28:43.236,N8,53,N8053-DQY7
2025-07-14 15:28:43.241,N8,54,N8054-0BTE
2025-07-14 15:28:43.246,N8,55,N8055-YZRG
2025-07-14 15:28:43.251,N8,56,N8056-1BUR
2025-07-14 15:28:43.256,N8,57,N8057-108S
2025-07-14 15:28:43.262,N8,58,N8058-ZQAI
2025-07-14 15:28:43.267,N8,59,N8059-95UD
2025-07-14 15:28:43.272,N8,60,N8060-ABI7
2025-07-14 15:28:43.277,N8,61,N8061-TF4M
2025-07-14 15:28:43.282,N8,62,N8062-ZXTA
2025-07-14 15:28:43.287,N8,63,N8063-DU4J
2025-07-14 15:28:43.293,N8,64,N8064-PFGI
2025-07-14 15:28:43.298,N8,65,N8065-JJBK
2025-07-14 15:28:43.303,N8,66,N8066-XU8L
2025-07-14 15:28:43.308,N8,67,N8067-Y4WG
2025-07-14 15:28:43.313,N8,68,N8068-MOHY
2025-07-14 15:28:43.319,N8,69,N8069-HKYL
2025-07-14 15:28:43.324,N8,70,N8070-DH4Y
2025-07-14 15:28:43.329,N8,71,N8071-EP3J
2025-07-14 15:28:43.334,N8,72,N8072-3ATD
2025-07-14 15:28:43.339,N8,73,N8073-FSL1
2025-07-14 15:28:43.345,N8,74,N8074-1C7C
2025-07-14 15:28:43.350,N8,75,N8075-1WDL
2025-07-14 15:28:43.355,N8,76,N8076-G90D
2025-07-14 15:28:43.360,N8,77,N8077-V8KB
2025-07-14 15:28:43.365,N8,78,N8078-BJVY
2025-07-14 15:28:43.371,N8,79,N8079-8VPW
2025-07-14 15:28:43.376,N8,80,N8080-1GKD
2025-07-14 15:28:43.381,N8,81,N8081-9URP
2025-07-14 15:28:43.386,N8,82,N8082-WUBQ
2025-07-14 15:28:43.391,N8,83,N8083-KOVN
2025-07-14 15:28:43.397,N8,84,N8084-6G7K
2025-07-14 15:28:43.402,N8,85,N8085-DZKZ
2025-07-14 15:28:43.407,N8,86,N8086-8ERO
2025-07-14 15:28:43.412,N8,87,N8087-QG5J
2025-07-14 15:28:43.417,N8,88,N8088-0F7T
2025-07-14 15:28:43.423,N8,89,N8089-54M8
2025-07-14 15:28:43.428,N8,90,N8090-DNAC
2025-07-14 15:28:43.433,N8,91,N8091-04TU
2025-07-14 15:28:43.438,N8,92,N8092-RPY0
2025-07-14 15:28:43.443,N8,93,N8093-06HD
2025-07-14 15:28:43.448,N8,94,N8094-X10K
2025-07-14 15:28:43.454,N8,95,N8095-C7TG
2025-07-14 15:28:43.459,N8,96,N8096-TLCX
2025-07-14 15:28:43.464,N8,97,N8097-PANR
2025-07-14 15:28:43.469,N8,98,N8098-XY35
2025-07-14 15:28:43.474,N8,99,N8099-PX89
